1,1.90669342742273
2,1.90465964790993
3,1.9060262350219
4,1.90266611125268
5,1.90395327229158
6,1.90410038783536
7,1.90366978817127
8,1.90319890282626
9,1.90580518736142
10,1.90428513399567
11,1.89399440512947
12,1.89199353038881
13,1.89704820365414
14,1.90446541592614
15,1.92110385152771
16,1.93523902748331
17,1.95033137592068
18,1.95696814398415
19,1.95344753678316
20,1.94444570601303
21,1.92518515484924
22,1.88899366663898
23,1.84083572270825
24,1.78901281707825
25,1.71637678075661
26,1.64958556862053
27,1.58200974761828
28,1.52871805090378
29,1.4737532537718
30,1.4330855489838
31,1.40889102787558
32,1.39963028908973
33,1.407585925123
34,1.43540605562963
35,1.47782292333661
36,1.52234451354457
37,1.58040711606708
38,1.64923480592488
39,1.70527321361609
40,1.76192027571427
41,1.81696749439959
42,1.86050599380048
43,1.89723699821504
44,1.92777319069235
45,1.94593417655842
46,1.9609729660841
47,1.97092084518169
48,1.98506706637284
49,2.00240635266185
50,2.01588174801055
51,2.04559179575068
52,2.07546675125511
53,2.1165285560226
54,2.16027368872914
55,2.20859149268925
56,2.2547688596299
57,2.29775994041386
58,2.33752571361974
59,2.36464415313633
60,2.37700737288331
61,2.38115601791323
62,2.36687514974332
63,2.34379796317806
64,2.30321402881148
65,2.25668442370766
66,2.20667885408779
67,2.1480505223067
68,2.09969863694614
69,2.05405121520264
70,2.02250232636501
71,2.00050727583987
72,1.99102837758201
73,1.997038339267
74,2.02290408255698
75,2.05780943190143
76,2.09842576873146
77,2.14432130508449
78,2.1944627392632
79,2.24281672963862
80,2.28456698835911
81,2.31665169396437
82,2.34095905767514
83,2.35204045183329
84,2.3572887583785
85,2.35257161981006
86,2.33477559241888
87,2.31759511453785
88,2.29815849142846
89,2.28068914904046
90,2.26764178539542
91,2.26074255534417
92,2.25876793062052
93,2.25821433464965
94,2.26698028623773
95,2.27897964417437
96,2.29058064291319
97,2.29708290418039
98,2.29570855134666
99,2.28630950604693
100,2.26676099302855
101,2.23093119176723
102,2.17772134550018
103,2.12235007700333
104,2.05376620100071
105,1.97110068408172
106,1.88417723472142
107,1.80152401147945
108,1.7197168400059
109,1.64802731101799
110,1.58751090252814
111,1.54230392387978
112,1.51140722567393
113,1.49950668873462
114,1.5023259371282
115,1.51864819478694
116,1.54331243137519
117,1.58144415781328
118,1.61817002694405
119,1.65812766032552
120,1.69593069388632
121,1.72414583885625
122,1.74768060972719
123,1.76074875275441
124,1.76855663291089
125,1.76841476502332
126,1.76303143900303
127,1.75518547245411
128,1.74841274937861
129,1.74592086162905
130,1.75262903717364
131,1.75803516841296
132,1.7803488859268
133,1.80825256534092
134,1.83840770650884
135,1.87159277904186
136,1.9109601594413
137,1.95059505679339
138,1.98061452827688
139,2.00565925716839
140,2.01793398297734
141,2.01613507302614
142,2.00324737689818
143,1.97922419057533
144,1.94179618926922
145,1.89659857339485
146,1.84975107812125
147,1.80223734943508
148,1.75879325607522
149,1.7233519906027
150,1.69983539284754
151,1.69052492608901
152,1.69898460421537
153,1.72300019146494
154,1.75685087758194
155,1.81022874399184
156,1.86516318638511
157,1.93111692244515
158,1.99779844175348
159,2.06591867526478
160,2.12916849658422
161,2.18135668534232
162,2.22708905049154
163,2.26421315622865
164,2.28820964752748
165,2.30356530238775
166,2.31543030128619
167,2.32045945978621
168,2.32396845220568
169,2.32940194138433
170,2.33716365359599
171,2.35264841963807
172,2.37334238744882
173,2.39446962110569
174,2.42899972260782
175,2.45721943003446
176,2.48682361115251
177,2.50902541709237
178,2.52886010899719
179,2.54358619509175
180,2.53500077328778
181,2.50998439219902
182,2.48154749907426
183,2.43061809533631
184,2.37077326251798
185,2.30185886304926
186,2.22667173721277
187,2.15169556536769
188,2.07503915450747
189,2.00915973343086
190,1.950764285407
191,1.90533000828816
192,1.87696075400664
193,1.86353511392483
194,1.86377835498499
195,1.87779174019895
196,1.89998738691648
197,1.9280451810699
198,1.95973924183758
199,1.98992008241542
200,2.0146197092461
201,2.03304832770301
202,2.04519574233181
203,2.043849526349
204,2.0327201271299
205,2.01899347694827
206,1.99398446042107
207,1.96912975924934
208,1.94540557817467
209,1.92485114634781
210,1.90402503614734
211,1.89381209901983
212,1.88948987573663
213,1.89435157997439
214,1.90568880988815
215,1.91970543605521
216,1.9364433154202
217,1.94808524685464
218,1.95365706377498
219,1.95893254855654
220,1.94182451753597
221,1.9252905207966
222,1.88600180887394
223,1.8451706852297
224,1.78209192395261
225,1.71786607948308
226,1.65177199169172
227,1.58764308716022
228,1.52563496704203
229,1.47119512335438
230,1.43404157899742
231,1.40866761838677
232,1.401844450472
233,1.41126392482503
234,1.43490731230576
235,1.4750479385937
236,1.52670660314562
237,1.58378816458588
238,1.64401701276758
239,1.70410520996418
240,1.76224388011046
241,1.81876067507408
242,1.86058280889958
243,1.89671641307645
244,1.92680515411953
245,1.94500780227841
246,1.96267465107598
247,1.97079295469033
248,1.98393936137844
249,1.99578470369587
250,2.01755825452184
251,2.0465407399751
252,2.07741046897955
253,2.11430355167158
254,2.1618193605197
255,2.21067021288354
256,2.25345860122686
257,2.29890298053766
258,2.33418027836031
259,2.3622311960212
260,2.38022637764355
261,2.38022803340509
262,2.37193322215682
263,2.34125729112508
264,2.30477896558187
265,2.26049526441502
266,2.20596474265465
267,2.14965301101288
268,2.09860126500734
269,2.05363616625065
270,2.01901151903737
271,1.99738351242649
272,1.99125051910649
273,1.99940867616511
274,2.02179436333914
275,2.05733746114627
276,2.09665123522942
277,2.14398278807211
278,2.19692104863212
279,2.24070566646494
280,2.2835040983464
281,2.31602527033879
282,2.33879888367958
283,2.35239691226435
284,2.35652720830335
285,2.3501833284724
286,2.334735239591
287,2.31772592708091
288,2.30171305622242
289,2.28059409763868
290,2.26981046955069
291,2.26228074542796
292,2.26476354539893
293,2.26198077221485
294,2.27037140395296
295,2.2781480495908
296,2.2942627486607
297,2.30173385187002
298,2.29346176101838
299,2.2838338032361
300,2.2597111543595
301,2.22381749184717
302,2.18368029962822
303,2.11783725509739
304,2.04713356341291
305,1.97226328190288
306,1.88783624098073
307,1.79844432150798
308,1.72079592455429
309,1.64597587871924
310,1.5864429165952
311,1.54081383790633
312,1.51119598096131
313,1.49760775148817
314,1.5015894119211
315,1.51681984987871
316,1.54777128015514
317,1.58118903559426
318,1.62150296691385
319,1.658675093176
320,1.69227040330364
321,1.72495249744729
322,1.74867015342097
323,1.76217306378341
324,1.77002198391222
325,1.76730002425341
326,1.76273340883199
327,1.75648420594098
328,1.74983503927084
329,1.74731937121172
330,1.74925630422207
331,1.76313816259174
332,1.77961283474508
333,1.80458796531202
334,1.8399914414378
335,1.87487428286992
336,1.91602567473295
337,1.9504446880933
338,1.9818083806849
339,2.00322665794719
340,2.01684389383745
341,2.01795560352006
342,2.00313492521305
343,1.97636108524516
344,1.94005907036538
345,1.89966795604785
346,1.85072445480106
347,1.80445252245614
348,1.75753089837305
349,1.71986168946328
350,1.70341002849737
351,1.69155153119834
352,1.69929526715747
353,1.7191997928895
354,1.75380578989563
355,1.80463178718865
356,1.86538380270626
357,1.93035913756699
358,2.00118265132858
359,2.06370393884632
360,2.12775877647301
361,2.18210213889464
362,2.22883188802595
363,2.26450078064543
364,2.28921216586637
365,2.30428642619567
366,2.31508072484842
367,2.32219239039904
368,2.32251223110916
369,2.33024247730593
370,2.33903685594895
371,2.3540625244704
372,2.37255782322263
373,2.39756990822862
374,2.42419294418109
375,2.45647040254797
376,2.48879461115094
377,2.5149058648105
378,2.52748897002308
379,2.53698792959607
380,2.53379482816377
381,2.511852183916
382,2.47634737117197
383,2.43192684202643
384,2.37148179321533
385,2.29967391011091
386,2.22751604958309
387,2.15109831137086
388,2.07437085600238
389,2.0091084594836
390,1.9525976031525
391,1.90484964878866
392,1.8786447656533
393,1.86587278454843
394,1.86360872580255
395,1.87634003143627
396,1.89888125496443
397,1.92954137600213
398,1.95872641847897
399,1.98916622370068
400,2.01529163302649
401,2.03259169563647
402,2.04233107119636
403,2.04476991391464
404,2.03306744092009
405,2.01695066801777
406,1.99425301415166
407,1.96753576312102
408,1.94797049637683
409,1.9213394012486
410,1.90378798766272
411,1.89035485616303
412,1.89130146756025
413,1.89717963498416
414,1.90724774670942
415,1.91842185938429
416,1.93417491246346
417,1.95104427709524
418,1.95405130768119
419,1.95785593136233
420,1.94702891895361
421,1.92289995497595
422,1.88980399093342
423,1.84001528822614
424,1.78617121225744
425,1.7195899143399
426,1.65418700860807
427,1.58685009027275
428,1.52568667552284
429,1.47233323110911
430,1.43005945902422
431,1.40594137079436
432,1.39811039091553
433,1.40503687547425
434,1.43928549855476
435,1.47890351774325
436,1.52581665101861
437,1.58479285523691
438,1.64219530606901
439,1.70772389478911
440,1.76739077953841
441,1.81804427472082
442,1.86220954244986
443,1.89795488954594
444,1.92466708199953
445,1.94481584627077
446,1.96085204395253
447,1.97172326645134
448,1.98248047467687
449,2.00004419454414
450,2.01867499197135
451,2.0452931878899
452,2.07731758323273
453,2.11297037409361
454,2.15872750335343
455,2.20770331946175
456,2.25511216186274
457,2.29937084340319
458,2.33330332930642
459,2.36532529044896
460,2.37746163022691
461,2.38136132230868
462,2.36919589073755
463,2.34359284069695
464,2.30286325976501
465,2.25629451507239
466,2.20340733610016
467,2.14998671283838
468,2.10071703803687
469,2.05680352074965
470,2.02042065963422
471,1.99776402996945
472,1.98975425131499
473,2.00206566439712
474,2.02057676926769
475,2.0576909468894
476,2.09855967592668
477,2.14637886581188
478,2.19290635789377
479,2.23983467873009
480,2.28426609927341
481,2.31750955354272
482,2.34044731021415
483,2.35396949111308
484,2.35295963813007
485,2.34814645909207
486,2.33563898394649
487,2.32108727662435
488,2.29803962918985
489,2.28191055979222
490,2.26776503304298
491,2.2586980272341
492,2.2586780552748
493,2.25900890527237
494,2.26885314175551
495,2.27918659198714
496,2.29284304086732
497,2.29480967813399
498,2.29609547145805
499,2.28040372296042
500,2.26325590808349
501,2.23664652671134
502,2.18214072414107
503,2.12573217714288
504,2.04913501573292
505,1.97135181859247
506,1.88715528596372
507,1.79962925080767
508,1.72120575251609
509,1.64893040191397
510,1.58743735113919
511,1.54044826845297
512,1.51168141593486
513,1.50029508063656
514,1.50297769021046
515,1.51669811792829
516,1.5456011147876
517,1.58010120691937
518,1.61975879820899
519,1.66028129196168
520,1.69450877440595
521,1.72616573766273
522,1.74646286877789
523,1.76210721541064
524,1.76793481924768
525,1.76929124096291
526,1.76126658139681
527,1.75655632540728
528,1.75015061144245
529,1.74681267628214
530,1.7497503144598
531,1.75955608730327
532,1.78028737806213
533,1.80513938948642
534,1.83898762841017
535,1.87523664492244
536,1.91385281490865
537,1.94931793963293
538,1.98015705169792
539,2.00206977061038
540,2.01395039399111
541,2.01732860715928
542,2.00206315235505
543,1.9792430458548
544,1.9407479174186
545,1.89741672839862
546,1.85206631262572
547,1.80347538601244
548,1.7619623614821
549,1.72284241903497
550,1.70013246357307
551,1.69045922480227
552,1.69761864580536
553,1.7169671148081
554,1.75565084227726
555,1.80668511803571
556,1.864926974086
557,1.93253962237665
558,2.00047579659642
559,2.06481735360144
560,2.12880360492752
561,2.18120199376285
562,2.22749587085503
563,2.26279652128909
564,2.28834253258233
565,2.30505298485418
566,2.31472526986032
567,2.32001467944307
568,2.32368365049145
569,2.32872482107447
570,2.34065981615764
571,2.35297478836398
572,2.36947794267949
573,2.39938573707095
574,2.42409282506485
575,2.45515123524369
576,2.48917768285431
577,2.51397499092316
578,2.53195961774774
579,2.53831084533509
580,2.52966467905382
581,2.51627924812715
582,2.48009345667049
583,2.43050737763835
584,2.37360629933835
585,2.30656253556628
586,2.22545873673099
587,2.14659486406344
588,2.07414713415079
589,2.00777902936945
590,1.94922231126108
591,1.90662236578493
592,1.87668085946652
593,1.86402002650696
594,1.86610312804258
595,1.87803452937459
596,1.90153951608455
597,1.930324064523
598,1.95954839489326
599,1.99091304633498
600,2.01704116277561
601,2.03268875583337
602,2.04367023218197
603,2.0421840818263
604,2.03271904134614
605,2.01724586366677
606,1.99512918793714
607,1.97070616937423
608,1.94438342642298
609,1.92212282126347
610,1.90625393235205
611,1.89418777710614
612,1.89196046577679
613,1.8970042599845
614,1.90600900807415
615,1.9212067704309
616,1.93300950990838
617,1.94671518314024
618,1.95698602649208
619,1.95471721608961
620,1.94747407973529
621,1.92170410719579
622,1.8866936455127
623,1.84318469005743
624,1.78158079614094
625,1.72466736760137
626,1.65324230420971
627,1.58746501951505
628,1.52964430929072
629,1.4720850490483
630,1.43673517922059
631,1.4065570363941
632,1.39596502610676
633,1.4082968553363
634,1.43100302438224
635,1.47419164965462
636,1.5230925311709
637,1.58382807989115
638,1.64239614619022
639,1.70733465601348
640,1.76526933549772
641,1.81725055930651
642,1.86036115850208
643,1.90082568137603
644,1.92437194735921
645,1.94374065717344
646,1.96080801341064
647,1.97024974109933
648,1.98575693985256
649,2.00020056991559
650,2.01787061464308
651,2.04444245509754
652,2.07516862834428
653,2.11444139641247
654,2.15941650340666
655,2.20704472309239
656,2.25358876188842
657,2.29652551364028
658,2.33663378153514
659,2.36468960228132
660,2.37808146619428
661,2.38289235500232
662,2.36819882663364
663,2.34337783258562
664,2.30352780743232
665,2.25820955515608
666,2.20688955314426
667,2.14946491373813
668,2.09991333227783
669,2.05527759720357
670,2.02151979599082
671,1.99863318684937
672,1.99085375576951
673,2.00150701529433
674,2.02249972365655
675,2.05624828165836
676,2.09767214860668
677,2.14238392416059
678,2.19471447960403
679,2.24204205389633
680,2.2833363838083
681,2.31571533287633
682,2.33990688531876
683,2.35429163530438
684,2.35465611163474
685,2.34930034148924
686,2.33710758878366
687,2.31700741193072
688,2.30035245155208
689,2.28505216672404
690,2.2680176598101
691,2.25824700577957
692,2.25698271410042
693,2.25976246801855
694,2.26636462673687
695,2.28168591490098
696,2.28945354686714
697,2.2959232500221
698,2.29505978396555
699,2.28443190274029
700,2.26610718606562
701,2.22984501857695
702,2.18312706897571
703,2.12412909126917
704,2.04933253316507
705,1.97286124497071
706,1.88813465898135
707,1.79985746876945
708,1.72089980822234
709,1.64594477917466
710,1.58546285948988
711,1.54091703728758
712,1.51163953607673
713,1.49894620385059
714,1.50145691469832
715,1.5190075689078
716,1.54599018150137
717,1.5830757100989
718,1.61904708485781
719,1.6599483152049
720,1.69550185789845
721,1.72494216629405
722,1.74646964685523
723,1.76059943506548
724,1.76942064742759
725,1.7683539813489
726,1.7620494446732
727,1.75674885167737
728,1.74990534260276
729,1.74734893461595
730,1.74983921846633
731,1.75881403009249
732,1.78168316113972
733,1.80500376716825
734,1.83540178942484
735,1.87815931396515
736,1.91054895051468
737,1.95049564208133
738,1.98073303666106
739,2.00486377516455
740,2.01445199288213
741,2.01331069968996
742,2.00245508487775
743,1.97588888916276
744,1.94166326410483
745,1.89864413746046
746,1.85020953870588
747,1.80467661051524
748,1.76185397031059
749,1.72637636414814
750,1.70325298572455
751,1.68945307929935
752,1.69581327354903
753,1.7178957279012
754,1.7555746386197
755,1.80700777251655
756,1.86277059653888
757,1.92830625242227
758,1.99954860701831
759,2.06788053241435
760,2.12763882929096
761,2.18261485342682
762,2.22881411658544
763,2.26461242839897
764,2.28850251362152
765,2.30516193358296
766,2.31551788996288
767,2.31999149957369
768,2.32355564460737
769,2.32900058708796
770,2.33618417853576
771,2.35478318199736
772,2.37281533174749
773,2.39583260890999
774,2.42617719576833
775,2.45965836672521
776,2.48300341563003
777,2.51076560676359
778,2.53304296757682
779,2.53232523189292
780,2.53222920697803
781,2.51553739024993
782,2.4803507836385
783,2.43431995036361
784,2.37318761949074
785,2.30491499038085
786,2.22635818447812
787,2.15047695411227
788,2.07451460275568
789,2.00808187380682
790,1.94804927615378
791,1.90682343690909
792,1.87676085143788
793,1.86521190898419
794,1.86507195303406
795,1.8754770766427
796,1.90001675115594
797,1.92860304325177
798,1.95804386645908
799,1.99086173053962
800,2.01491491400456
801,2.03351195896915
802,2.04578737450611
803,2.04117171125048
804,2.03421769430912
805,2.01786584620232
806,1.99365801209843
807,1.97193809689085
808,1.944531481647
809,1.91996945436114
810,1.90445267550606
811,1.89434897466147
812,1.88959699942616
813,1.89508292318443
814,1.9055850553728
815,1.91859378784
816,1.9331945396017
817,1.94937067915109
818,1.95734977010352
819,1.95289692388915
820,1.95101986043656
821,1.92239849352696
822,1.88954404454351
823,1.84313154008331
824,1.78474434538388
825,1.71983539973294
826,1.65201345516874
827,1.58494695810117
828,1.52719791715445
829,1.4694552063832
830,1.43275782746433
831,1.4104619164503
832,1.40176489185661
833,1.4093461064159
834,1.43683745528946
835,1.47383511215424
836,1.52475442941186
837,1.58107189063293
838,1.64759816311979
839,1.70503119561767
840,1.7647403417844
841,1.81741141146689
842,1.85926327308012
843,1.89918697244075
844,1.92404069021398
845,1.94388651024317
846,1.96108748073858
847,1.9718504666595
848,1.98516875076067
849,2.00206538114428
850,2.0205102347598
851,2.04767420097491
852,2.07571673108758
853,2.11647578027898
854,2.15879418552312
855,2.2087715089642
856,2.2539835352418
857,2.2973019448539
858,2.33609769883428
859,2.36094581324646
860,2.38024427932959
861,2.38298422902611
862,2.36857949135727
863,2.34235349615315
864,2.30352186255337
865,2.25920273287679
866,2.20578105896524
867,2.14999588652058
868,2.10052303134531
869,2.05631437967568
870,2.02153775339794
871,2.00139816891159
872,1.98929525801121
873,2.00002068271193
874,2.01976816433261
875,2.05356771104803
876,2.09722869070576
877,2.14527922953198
878,2.19243789011186
879,2.24033439647224
880,2.2842111978276
881,2.31627755409725
882,2.34080730607764
883,2.35254347387217
884,2.35446751066765
885,2.35121114183309
886,2.33586252441279
887,2.32106679883811
888,2.30215535060288
889,2.28196068275882
890,2.2660059221896
891,2.26000210910969
892,2.25816159771653
893,2.25955361932679
894,2.26828457722459
895,2.27875739728799
896,2.29240194491518
897,2.29293562806159
898,2.29511966617206
899,2.28304673454017
900,2.26238017484806
901,2.22942698780904
902,2.18622528589731
903,2.11740742715371
904,2.05224360999467
905,1.97240540877108
906,1.8858595700493
907,1.80231160288828
908,1.72066182405525
909,1.64706307328571
910,1.58698279245628
911,1.54059243892893
912,1.51142009651864
913,1.49721834130492
914,1.50161292726074
915,1.5186069192674
916,1.54697963506822
917,1.58210381505302
918,1.62009792731581
919,1.65928622044538
920,1.69503942635273
921,1.72593510423466
922,1.74729013517952
923,1.76229949267202
924,1.76801676676837
925,1.76796301414595
926,1.76494122438429
927,1.75409036342031
928,1.74911916988374
929,1.74647918442625
930,1.75167155863606
931,1.76019859919702
932,1.7811641737032
933,1.80404387218495
934,1.84133885341885
935,1.87524008793662
936,1.91142991641195
937,1.94955605364025
938,1.97630698038334
939,2.00355819011668
940,2.01535938435831
941,2.01733075960642
942,2.00110178754949
943,1.97901032749092
944,1.94229316244457
945,1.89724048418316
946,1.84692220301237
947,1.80355082821385
948,1.76140893091157
949,1.72597900456553
950,1.70248753030134
951,1.69026027512427
952,1.69682367560088
953,1.72247814718083
954,1.75716255450635
955,1.80500170133182
956,1.86343285423526
957,1.93054176085535
958,2.00159494031244
959,2.06855388700133
960,2.12817148939353
961,2.18306288727677
962,2.23063659272252
963,2.26273168056186
964,2.28746853535384
965,2.30445834768119
966,2.31414214945633
967,2.31937834113816
968,2.32468497285065
969,2.32895956973148
970,2.33934552594934
971,2.35062846438365
972,2.37366756179115
973,2.3949598620258
974,2.42413398659995
975,2.45734436226441
976,2.48435134202122
977,2.5123189190664
978,2.53021188401571
979,2.53714425170123
980,2.53520069454119
981,2.51671894222214
982,2.48062530463514
983,2.43250282884955
984,2.37025745424084
985,2.30200244764181
986,2.22638094592692
987,2.15086463602936
988,2.07662639930083
989,2.0054513168181
990,1.94984522131404
991,1.90640332126178
992,1.87955254471995
993,1.86269748577087
994,1.86332564628255
995,1.8793348039011
996,1.89997885202225
997,1.92855868163107
998,1.95884264080121
999,1.98886155134519
1000,2.01450601553787
1001,2.03319919323239
1002,2.04334204131694
1003,2.04393048622858
1004,2.03316400903343
1005,2.01773303322269
1006,1.99269185687089
1007,1.97005563657485
1008,1.94452280393275
1009,1.92303882040887
1010,1.90379910834183
1011,1.89276558071275
1012,1.88984337561157
1013,1.89512064344541
1014,1.9047942419819
1015,1.92092988302701
1016,1.93504532228648
1017,1.94864358201969
1018,1.95454917359896
1019,1.96042451512166
1020,1.94586758074459
1021,1.92613552399127
1022,1.88964751343439
1023,1.83890551128036
1024,1.78395720609729
1025,1.72108643162638
1026,1.65728378760359
1027,1.58298520158844
1028,1.52426977039325
1029,1.47344382942005
1030,1.43190702747796
1031,1.40865123875694
1032,1.40170478174452
1033,1.4095110824199
1034,1.43146420304476
1035,1.47592358779417
1036,1.52298828392909
1037,1.58514495924242
1038,1.64337694888481
1039,1.70558363216295
1040,1.76520949053895
1041,1.81689587846825
1042,1.859741640006
1043,1.89888981784626
1044,1.92738432330069
1045,1.94736360798264
1046,1.96038346898329
1047,1.97385101315461
1048,1.98497850828834
1049,1.99833401590406
1050,2.01794985332344
1051,2.04367299403248
1052,2.07526627338134
1053,2.11746468813323
1054,2.16220822029712
1055,2.20945517986399
1056,2.25620676595897
1057,2.30081061033114
1058,2.3408597281965
1059,2.3684738343831
1060,2.38214425102724
1061,2.38435715374123
1062,2.37346703446628
1063,2.34490645138287
1064,2.30920852722268
1065,2.26478412533924
1066,2.21261574125271
1067,2.15884026878734
1068,2.10553577831313
1069,2.0607660028118
1070,2.02857380018725
1071,2.00595039853448
1072,2.00260633458346
1073,2.00837901003636
1074,2.03512695324051
1075,2.06392696467001
1076,2.1151425600514
1077,2.16329791985503
1078,2.21454093529503
1079,2.26799728054639
1080,2.31597382231625
1081,2.35316203080644
1082,2.38104584977348
1083,2.39926728330739
1084,2.40839624147467
1085,2.40705977820655
1086,2.39993327092309
1087,2.38978085724261
1088,2.37778887052131
1089,2.36666107279796
1090,2.36382515553057
1091,2.36368263749474
1092,2.37671648214952
1093,2.39547861910263
1094,2.42465313686269
1095,2.45820568959838
1096,2.49735638286636
1097,2.53872166266688
1098,2.57485839396393
1099,2.60585096864036
1100,2.62878252389453
