1,1.77053420352135
2,1.77196945138577
3,1.77048438350992
4,1.76954934270869
5,1.76918001370046
6,1.82757535660015
7,1.87968968714518
8,1.92861448217976
9,1.97064788820172
10,2.00301111563408
11,2.01737637016862
12,2.01944544639725
13,2.00427466058445
14,1.97409493457937
15,1.92680025566865
16,1.8703945890016
17,1.79574024684444
18,1.71844028564881
19,1.63348475032948
20,1.55037727271103
21,1.47304616171451
22,1.39991470209876
23,1.33769406842896
24,1.2875858377441
25,1.25132945411953
26,1.22779591936694
27,1.22171023738357
28,1.22599736207214
29,1.24142845401926
30,1.26779991614356
31,1.29857009171703
32,1.33809280688801
33,1.3775494187851
34,1.42018836986904
35,1.46192318237741
36,1.50279577906428
37,1.54431421575491
38,1.58165420961262
39,1.61586423019823
40,1.65058347061148
41,1.6832738834438
42,1.71194018135789
43,1.73997054821694
44,1.7642564044834
45,1.78679812901211
46,1.80633026719204
47,1.8237468751706
48,1.8376637003192
49,1.84991716612653
50,1.85881576763912
51,1.86396956231975
52,1.86657578555912
53,1.86465877991212
54,1.85929760621145
55,1.84974924501188
56,1.83886951924639
57,1.82027695448087
58,1.79804543706802
59,1.76947614236849
60,1.73805725214839
61,1.69662947330584
62,1.65041978851633
63,1.60123451520954
64,1.55008947438742
65,1.49617094003376
66,1.44224332927199
67,1.3932002693566
68,1.34836945514812
69,1.31153917217734
70,1.28635574762203
71,1.27560711018029
72,1.27768541054298
73,1.29417575755512
74,1.33050868854789
75,1.38653108534119
76,1.4531472947103
77,1.52605536128492
78,1.61880189093327
79,1.71043013409987
80,1.80308919818922
81,1.89138794857369
82,1.9765121959204
83,2.04950440068883
84,2.10666100357209
85,2.15110250266303
86,2.17828431268104
87,2.18923456757714
88,2.18907060903934
89,2.17311940286227
90,2.14670545189044
91,2.11571329034797
92,2.08186115493776
93,2.04786643463297
94,2.01785896604481
95,1.9953780413589
96,1.98274755158581
97,1.9772172227756
98,1.98365315969902
99,1.99645367270336
100,2.01671906805404
101,2.04013943857479
102,2.06279680930558
103,2.08100019169906
104,2.09125545990671
105,2.08811231945537
106,2.07287332015404
107,2.04337343944031
108,1.99540015834446
109,1.93598068152938
110,1.86743024446687
111,1.78426584489518
112,1.71078729093144
113,1.64128134130889
114,1.58330340395184
115,1.54316989026005
116,1.52274127477006
117,1.53349330011642
118,1.56730186128934
119,1.63093329203636
120,1.71494713844333
121,1.81357925094534
122,1.92655751655163
123,2.04523704347544
124,2.15924654633833
125,2.25814772113142
126,2.34713059646708
127,2.41366521215097
128,2.45371424075883
129,2.46807460407556
130,2.45404776589385
131,2.42125232802142
132,2.36313059997711
133,2.28742246386723
134,2.20394640687969
135,2.11202326883879
136,2.01494709589998
137,1.92465096048549
138,1.83925708912463
139,1.763906316739
140,1.70065873100749
141,1.6540272998097
142,1.61908343781067
143,1.59841771776963
144,1.59012103119068
145,1.5915755604119
146,1.60065050123931
147,1.61495455761853
148,1.63220762031852
149,1.65047549829143
150,1.66693067459373
151,1.68137892668337
152,1.69288100706636
153,1.70049489555978
154,1.70520757837188
155,1.70780861867274
156,1.70806515639096
157,1.7074745075623
158,1.70872404413891
159,1.71163885513889
160,1.71765141578061
161,1.72884383533541
162,1.74684679450823
163,1.7694022813187
164,1.799643386212
165,1.83668209901501
166,1.88068611649266
167,1.93014279195431
168,1.98358864250369
169,2.04020253091221
170,2.09526404497498
171,2.14818763786638
172,2.19510066455359
173,2.23362013030332
174,2.25864159200494
175,2.26761760915068
176,2.26441133024751
177,2.24442931710632
178,2.20554966687431
179,2.14936732470349
180,2.07363152748192
181,1.9969264086664
182,1.9081173444316
183,1.81872189208226
184,1.728455967293
185,1.65046160204065
186,1.58557679022403
187,1.54232186548477
188,1.51195826622142
189,1.51286169606769
190,1.53236210105729
191,1.57881610510686
192,1.63814141151319
193,1.71720197182224
194,1.8048782213739
195,1.89740820783073
196,1.98749971183296
197,2.0742106526978
198,2.14616079591624
199,2.20422500521992
200,2.24250617178147
201,2.26612377815956
202,2.26929085779071
203,2.26012003624876
204,2.23962115682104
205,2.21401664917212
206,2.18355985273919
207,2.1615527437991
208,2.14472452475228
209,2.13984560990443
210,2.14891139487339
211,2.17109866329088
212,2.20899081650655
213,2.25556513380348
214,2.30974566603356
215,2.36589681514913
216,2.42280195755386
217,2.47148654296936
218,2.50580018755758
219,2.51964033567875
220,2.5129447372243
221,2.48294157544416
222,2.42451593553649
223,2.34339153672008
224,2.23645621340004
225,2.11808146201601
226,1.98855976674662
227,1.85616190865771
228,1.7213894777423
229,1.60366782375831
230,1.51134159164588
231,1.43861426449622
232,1.39355812369795
233,1.38720882484959
234,1.4063154275388
235,1.4598547573498
236,1.53489266442948
237,1.63324780859498
238,1.73985989241237
239,1.84631021948903
240,1.95160953328376
241,2.04874152430754
242,2.12565551726613
243,2.18712844502788
244,2.22942458603677
245,2.24703634817309
246,2.24779152161998
247,2.2299306009502
248,2.20064445019374
249,2.16415152228108
250,2.11838366648882
251,2.0700948581576
252,2.02429327252645
253,1.98206642632499
254,1.94393420249803
255,1.91099725082196
256,1.88266038993007
257,1.86096218018029
258,1.84144086476017
259,1.82294620915891
260,1.80667799391862
261,1.79098806364204
262,1.77221237561337
263,1.75218532200595
264,1.73009093123148
265,1.70331908020024
266,1.67713743951255
267,1.64695243325421
268,1.61434564600599
269,1.58340390691825
270,1.55249378249799
271,1.52199880412773
272,1.4926243829152
273,1.46804131690612
274,1.44592904917257
275,1.42747069583356
276,1.41897097920563
277,1.4171876084126
278,1.4194115626426
279,1.44019378720435
280,1.46299382865514
281,1.50399507472772
282,1.55623925600873
283,1.61434402768521
284,1.68863009002981
285,1.76419079999326
286,1.84450654847966
287,1.92410208156739
288,2.00535007524201
289,2.07838615593726
290,2.13844151183371
291,2.18435216208751
292,2.2137668643707
293,2.22767835093719
294,2.22279200460386
295,2.1968328301123
296,2.16029926836087
297,2.1062736929456
298,2.04143474100418
299,1.97524573962835
300,1.90632444615041
301,1.84451456731452
302,1.78674085217299
303,1.74052834423552
304,1.70907950554237
305,1.69216079666552
306,1.68836366181717
307,1.69786113411094
308,1.71879542151295
309,1.74591161325965
310,1.77992188167801
311,1.80998853756508
312,1.83666447292587
313,1.85689456030972
314,1.8665547338764
315,1.86398223142436
316,1.85000117999963
317,1.83107256719241
318,1.80266307616964
319,1.77291426212079
320,1.74236620688282
321,1.72043895754051
322,1.70477090551007
323,1.70543557618333
324,1.71766472597807
325,1.7487268030527
326,1.79101551869425
327,1.85014342848686
328,1.91789249735688
329,1.9896501838087
330,2.06268118226257
331,2.1325616178454
332,2.19164999126739
333,2.23409674726993
334,2.25937825881129
335,2.26415386277425
336,2.24892452804332
337,2.20719312118498
338,2.1481790297011
339,2.0727579782513
340,1.97651719920955
341,1.87732334075684
342,1.77250025200368
343,1.6716174316536
344,1.57485388905704
345,1.4873038976181
346,1.41752625635156
347,1.36227160798965
348,1.32346000549419
349,1.3035140710165
350,1.29785226216726
351,1.30554388497138
352,1.32325105304849
353,1.34816742618057
354,1.37492932601846
355,1.40137830418271
356,1.42684434347924
357,1.44829952316816
358,1.4666199782525
359,1.48206160052491
360,1.49440386503664
361,1.50761178803896
362,1.52035868735986
363,1.53701847166499
364,1.55536203147719
365,1.57800139585116
366,1.60529708143574
367,1.63500907490565
368,1.66566337084952
369,1.6933843126525
370,1.71956330271095
371,1.74007594703917
372,1.75262406873979
373,1.75835260074796
374,1.75466629548148
375,1.74263695833853
376,1.7218681549126
377,1.69510791418146
378,1.66395428990695
379,1.62989329308542
380,1.59502824578193
381,1.56170014022282
382,1.52952164233192
383,1.5013455706078
384,1.47646163976663
385,1.45644000537513
386,1.43820063422673
387,1.42326411898011
388,1.40844464099632
389,1.39218400596329
390,1.37662684079402
391,1.35803245160403
392,1.33878927669884
393,1.31484778229558
394,1.29357324122301
395,1.27348974676621
396,1.25901545967352
397,1.25037181468417
398,1.2511435161009
399,1.2635693452507
400,1.29026806830227
401,1.32453639842693
402,1.37363483575826
403,1.43119454291498
404,1.4992932525896
405,1.56645936612186
406,1.63424266674389
407,1.69936724118158
408,1.75736857834605
409,1.80788475709288
410,1.84559336162313
411,1.87179507375634
412,1.88517023405359
413,1.88910332416645
414,1.88070799109453
415,1.86578174884231
416,1.84343714085995
417,1.81584694586524
418,1.78918170472948
419,1.75849461544467
420,1.73078647525984
421,1.70289408289655
422,1.67532972859317
423,1.649002161618
424,1.62389699167571
425,1.59295136435905
426,1.56283573233345
427,1.52711818556791
428,1.48986884874091
429,1.4461039511287
430,1.40242065755313
431,1.35371347484133
432,1.30745683639058
433,1.26134458770168
434,1.22317456137388
435,1.19204056178937
436,1.16985146804155
437,1.15972366223203
438,1.16219969479414
439,1.17595525017121
440,1.20230267207815
441,1.24222068040853
442,1.28902224518333
443,1.3438067803567
444,1.40012149847756
445,1.45605518436526
446,1.50927750913733
447,1.55938175263226
448,1.60331660342192
449,1.63927432973669
450,1.66754039741552
451,1.68921667904551
452,1.70495814335387
453,1.71647728487151
454,1.7252678994886
455,1.7330391900465
456,1.74094805933607
457,1.75038801541325
458,1.76126442936196
459,1.77350179125243
460,1.7861406867925
461,1.79845362500568
462,1.80748140837963
463,1.81368894124542
464,1.81207855522404
465,1.80400574207896
466,1.78437199796347
467,1.75736637348855
468,1.72279936594277
469,1.68063911947329
470,1.63119979216947
471,1.58333958856836
472,1.53813060283739
473,1.50049683585035
474,1.4730767846283
475,1.45762671510423
476,1.46459402197474
477,1.48524405170728
478,1.52649215130778
479,1.57800132616343
480,1.65404381860295
481,1.73122365436498
482,1.81196168605147
483,1.89285873575838
484,1.967041951138
485,2.02853646118949
486,2.07487688287968
487,2.10453945612324
488,2.11478159983767
489,2.10767624841397
490,2.08584336081863
491,2.05064569181669
492,2.01021464496653
493,1.96673195482682
494,1.92385960818792
495,1.88661513444617
496,1.86081129320016
497,1.84439943255757
498,1.84189118220716
499,1.84944865792684
500,1.86856780615684
501,1.89149647286228
502,1.9189400563646
503,1.9418517456554
504,1.96104115634313
505,1.96787752341045
506,1.95969210378469
507,1.93828256277329
508,1.90151208654265
509,1.85009011377103
510,1.78794099448657
511,1.71446768071485
512,1.63528640931322
513,1.56242594396306
514,1.49085339322696
515,1.43096267361862
516,1.38284118712575
517,1.35146437006269
518,1.33742271798329
519,1.34052389673603
520,1.36064683596084
521,1.39301464030029
522,1.43910155014573
523,1.48900756669295
524,1.5472931849235
525,1.60021071385725
526,1.65649702388725
527,1.70838719809347
528,1.75183562562536
529,1.79133533770603
530,1.8222908315877
531,1.84594496373207
532,1.86140321747353
533,1.87223106046566
534,1.87541113348078
535,1.8723471470672
536,1.86571342906137
537,1.85039627994278
538,1.83317373070056
539,1.80912124441813
540,1.78154949021171
541,1.75001195857908
542,1.71828814146906
543,1.68012496321945
544,1.64435723845643
545,1.60981987120888
546,1.57794595867352
547,1.5515503919064
548,1.53162501459289
549,1.51800223548614
550,1.51375959197833
551,1.51680933989984
552,1.52613811116795
553,1.54172088171857
554,1.56149445002439
555,1.58301429068904
556,1.60376407869187
557,1.62154691377274
558,1.63546928583826
559,1.64354815258619
560,1.64728062747669
561,1.64426637353736
562,1.63967039291674
563,1.63526987589321
564,1.63319147337905
565,1.63470133635987
566,1.64711242987365
567,1.67114853318826
568,1.70670319204728
569,1.76086634278159
570,1.82153016894128
571,1.90207085677873
572,1.98360880631689
573,2.07690012668849
574,2.16940445362748
575,2.26045973652635
576,2.33949364438887
577,2.40181196085515
578,2.44920614902323
579,2.47281515390554
580,2.47517830192568
581,2.4524466403173
582,2.40912009500869
583,2.34732018911289
584,2.26833843328881
585,2.17666694177284
586,2.0826389594921
587,1.99483569645896
588,1.9136456266162
589,1.84842409057265
590,1.80006369165027
591,1.77282685534225
592,1.76830405444614
593,1.785542834382
594,1.81625405241272
595,1.86614270783455
596,1.92209416296238
597,1.97917299251989
598,2.03353257981345
599,2.07833680807163
600,2.10722823040701
601,2.11874239467273
602,2.11165110674235
603,2.08517475167716
604,2.04180761070781
605,1.99237908224733
606,1.93200276453795
607,1.87119136148493
608,1.81891842520117
609,1.7770696045019
610,1.75061524407956
611,1.74524753177098
612,1.75755227424419
613,1.79027033164577
614,1.84053524391383
615,1.9046601955313
616,1.97272298699523
617,2.04651530084988
618,2.11069501533893
619,2.16688832462923
620,2.20699162246342
621,2.22812291434991
622,2.22893579875502
623,2.20665494606905
624,2.16819051648541
625,2.11148072972151
626,2.03554976920455
627,1.95322306432254
628,1.86332733730435
629,1.77749285666385
630,1.69444863178273
631,1.61876982919225
632,1.55179217285161
633,1.4969774200612
634,1.45557240998175
635,1.42593173844986
636,1.4096044139784
637,1.40253509578474
638,1.40513324828211
639,1.41383683303757
640,1.42938465002351
641,1.44920386725203
642,1.47121002568699
643,1.49613429140263
644,1.52350535179019
645,1.55228270200464
646,1.58117559057034
647,1.61175488400669
648,1.64139432126341
649,1.66921563905842
650,1.69583130085704
651,1.71864303181545
652,1.73809269185494
653,1.75103034321606
654,1.7592505710764
655,1.76206670894947
656,1.75980577232742
657,1.75314438667225
658,1.74602683484204
659,1.73687653990896
660,1.73083286824542
661,1.72892816292142
662,1.73224243067095
663,1.7425635850931
664,1.75966978088436
665,1.78535669471654
666,1.81436044741889
667,1.84819472626166
668,1.8824080944709
669,1.91421701032977
670,1.93883900161612
671,1.95557396228229
672,1.96110273331579
673,1.95441570632533
674,1.93365636764236
675,1.89713283187443
676,1.85291286540756
677,1.80174972025556
678,1.7448676218463
679,1.69115589092232
680,1.64412948175742
681,1.60490662508915
682,1.58789333465448
683,1.58784285476143
684,1.604664302224
685,1.64299659016177
686,1.70021892680603
687,1.77310947029795
688,1.85478847377559
689,1.94413890585303
690,2.02974556202975
691,2.11206893729386
692,2.18039486466217
693,2.2327343652634
694,2.26742592109252
695,2.28138636500711
696,2.27218930757283
697,2.24735832844668
698,2.20539051861662
699,2.15343142180751
700,2.09445686738558
701,2.03183252115055
702,1.97614591957069
703,1.92619771332016
704,1.88773589708346
705,1.86064309555175
706,1.84875046336503
707,1.84798413309504
708,1.85846301732474
709,1.87623926200711
710,1.89581818094318
711,1.9146877527942
712,1.9288846663691
713,1.93172930614631
714,1.92193232667929
715,1.89878902807969
716,1.86520052902508
717,1.8140876548461
718,1.75135229859441
719,1.68129953037363
720,1.61097920953608
721,1.54184650304845
722,1.480091373058
723,1.43119278858592
724,1.39403397994811
725,1.37840475305788
726,1.37848440108904
727,1.40204503498799
728,1.4356344431929
729,1.48398518429839
730,1.53653689818383
731,1.59567702807453
732,1.65287488399297
733,1.70130852754734
734,1.74312676908751
735,1.77283180567417
736,1.7913729469138
737,1.79660563086143
738,1.79093312030952
739,1.77829174054057
740,1.75887989947718
741,1.73686773988995
742,1.71308710213498
743,1.69220774352152
744,1.67333685955603
745,1.65842043509494
746,1.64683171320414
747,1.63738657759073
748,1.62990623875487
749,1.62154435872367
750,1.61096592338457
751,1.59847714738386
752,1.58020855936841
753,1.55656312353184
754,1.52849040385197
755,1.49761774948577
756,1.46373752143577
757,1.43171310193895
758,1.40163893763229
759,1.37717608174088
760,1.36073679732234
761,1.35335277658511
762,1.35587935872251
763,1.3692007717387
764,1.38905745071048
765,1.41892701382443
766,1.4489164052975
767,1.48018272547551
768,1.50852091931133
769,1.53356033986349
770,1.5521518123368
771,1.56360415789442
772,1.56842117904422
773,1.5679033452323
774,1.56429718836928
775,1.56039885410552
776,1.55821435782454
777,1.56115607708313
778,1.57160327675964
779,1.5890015494384
780,1.61741298338614
781,1.65548652654909
782,1.69608574692197
783,1.745346756743
784,1.79285945434425
785,1.83764536945926
786,1.87492769110244
787,1.90402438364718
788,1.92061817005426
789,1.9248875012161
790,1.90924010344872
791,1.88298079621406
792,1.84617150834255
793,1.79850173263265
794,1.74272686550832
795,1.68428956244463
796,1.62837071672309
797,1.57781152294562
798,1.53298620928317
799,1.49694957058681
800,1.47220227280858
801,1.45588352773182
802,1.44927415251183
803,1.45023005839142
804,1.45555779080557
805,1.46383827023827
806,1.47162366306884
807,1.47825242465909
808,1.4803937431603
809,1.48038365361981
810,1.4752273760861
811,1.46799232233005
812,1.4609427932454
813,1.45364417083711
814,1.4508218799163
815,1.45270905329671
816,1.46226948789234
817,1.47945694520492
818,1.50587029364364
819,1.5368322190542
820,1.57694342936154
821,1.6184815008489
822,1.66037588821444
823,1.69946480419263
824,1.73328552179426
825,1.75839311044333
826,1.77323767193628
827,1.77809657244819
828,1.77002239598057
829,1.75217132821931
830,1.72700001066302
831,1.69734504140851
832,1.66398443873908
833,1.63135070248395
834,1.60567502229535
835,1.58700130978081
836,1.5791528646559
837,1.58171019154302
838,1.5988208355526
839,1.6230131777783
840,1.6571038920549
841,1.69732455642475
842,1.73759327034126
843,1.77715437210761
844,1.80725804499624
845,1.83093985509548
846,1.84269087576118
847,1.84175716399762
848,1.82869241114272
849,1.8061071708289
850,1.7780008233167
851,1.74772066095193
852,1.72031316344289
853,1.69777315492042
854,1.69301381887481
855,1.69790988988499
856,1.72121540395519
857,1.76413474319893
858,1.81718524964028
859,1.88369948098612
860,1.96379036146647
861,2.04497845351991
862,2.12060814884755
863,2.18996265479715
864,2.24368638631154
865,2.2796410206867
866,2.29538470407069
867,2.28482416260711
868,2.25481021806081
869,2.20614883536937
870,2.14269821133815
871,2.07024056831991
872,1.98916019494033
873,1.9148877627018
874,1.84466726215591
875,1.78679876745691
876,1.74422315076014
877,1.71653715249041
878,1.70675411442985
879,1.70953402461236
880,1.72374572321354
881,1.74726975418162
882,1.77242534383917
883,1.79394891243241
884,1.80935944023145
885,1.81285998230011
886,1.80621856610831
887,1.78719617166375
888,1.75264766925187
889,1.71202033624741
890,1.66221287037796
891,1.61045878383847
892,1.56118998516728
893,1.51840579430801
894,1.48542091279647
895,1.46248574019322
896,1.4563816524246
897,1.46407655721121
898,1.48501911642972
899,1.51577179325172
900,1.55469169957778
901,1.59953157925087
902,1.64653906179992
903,1.69088057696901
904,1.73136819764578
905,1.76567848857027
906,1.79394445080692
907,1.81358652422522
908,1.82679313188924
909,1.83309039194847
910,1.83457719194598
911,1.8311216058641
912,1.82380658326339
913,1.81258602809096
914,1.79953004723163
915,1.78089946322853
916,1.75920076140897
917,1.73243892136767
918,1.70272448245927
919,1.66691934885166
920,1.62753754010201
921,1.58688324543177
922,1.54576709324483
923,1.50632692952789
924,1.47075934142262
925,1.44289231937299
926,1.42532181622318
927,1.42235083972827
928,1.4345109871483
929,1.458359868331
930,1.50049389596376
931,1.55595229776309
932,1.62599104001671
933,1.69588972173196
934,1.77410850588833
935,1.84763250857541
936,1.9184022027877
937,1.97494487831431
938,2.01826553754054
939,2.04767412656929
940,2.05953917626086
941,2.05811196736932
942,2.04404014929515
943,2.02247270865785
944,1.99857259872987
945,1.97357718694404
946,1.95914539924586
947,1.95295717989136
948,1.96651395652868
949,1.99806911217338
950,2.0442910613808
951,2.10555391368854
952,2.18513285503514
953,2.26951239664639
954,2.35871884664835
955,2.44509010263592
956,2.51799937766451
957,2.57981443205147
958,2.61571834777278
959,2.62393129771207
960,2.60952443526051
961,2.56406250743434
962,2.49464335641577
963,2.40519013037078
964,2.29577208865335
965,2.18128527595058
966,2.06855622802908
967,1.96542155966445
968,1.87340766004325
969,1.80784235234676
970,1.76979105920528
971,1.76104964091334
972,1.77833613560942
973,1.82632211284337
974,1.89940804246304
975,1.98213958574285
976,2.0777963151356
977,2.1638396091138
978,2.24758957498982
979,2.31245815622008
980,2.35795711965503
981,2.3771187893723
982,2.37240903922735
983,2.34440073051958
984,2.29759476278566
985,2.23572348118302
986,2.16932616547377
987,2.0975909366733
988,2.03742905475641
989,1.98768935011892
990,1.95294558932982
991,1.93666735768545
992,1.93835411874034
993,1.96024747597933
994,1.9933481832085
995,2.03383626665446
996,2.07361005327433
997,2.11595889099288
998,2.14641796017641
999,2.16782747464915
1000,2.17285447633849
1001,2.15334513717051
1002,2.11907353155884
1003,2.06377649029612
1004,1.99526580180363
1005,1.91310602905445
1006,1.82368607663561
1007,1.73214446008386
1008,1.64229180566279
1009,1.56103036588517
1010,1.48630755397601
1011,1.42718946715018
1012,1.38321400066841
1013,1.35569742456784
1014,1.33984901643454
1015,1.34100840237727
1016,1.35419463542324
1017,1.38090158272811
1018,1.41460494848611
1019,1.45633845806232
1020,1.50612226128434
1021,1.55952374485454
1022,1.61951175494738
1023,1.6790000181962
1024,1.74100256100668
1025,1.80174416053898
1026,1.86129783779126
1027,1.91892985541324
1028,1.97023890068202
1029,2.01110532269303
1030,2.04394693336487
1031,2.06541571554973
1032,2.0725507687082
1033,2.06670635884864
1034,2.04750698813482
1035,2.01544531208276
1036,1.9739414170636
1037,1.93000342868413
1038,1.88115477007433
1039,1.8348428645275
1040,1.79606086332519
1041,1.76828156004573
1042,1.75488819485862
1043,1.75712778179743
1044,1.77665000066711
1045,1.81023773711895
1046,1.86060378997438
1047,1.92114549946877
1048,1.98222673755492
1049,2.04332329006985
1050,2.09899052929802
1051,2.14198494936514
1052,2.16994343021621
1053,2.17683830681186
1054,2.16666288105956
1055,2.1388462209259
1056,2.09259408789652
1057,2.03865164651016
1058,1.97613496165256
1059,1.91834648127136
1060,1.87107427453324
1061,1.84097133874305
1062,1.83165325811736
1063,1.84534620125271
1064,1.88865630735209
1065,1.9496859184104
1066,2.04034076852461
1067,2.14872155528391
1068,2.26557932080439
1069,2.38435957153302
1070,2.49816068450544
1071,2.59674121298162
1072,2.67886715136068
1073,2.73436027160137
1074,2.75692716226068
1075,2.74750063462245
1076,2.70780988730542
1077,2.63930395508478
1078,2.55666564962467
1079,2.44854053760939
1080,2.33026315707365
1081,2.21332990665375
1082,2.10273409771259
1083,2.00604796533779
1084,1.92549832963305
1085,1.86675537172467
1086,1.82917287737048
1087,1.81535993585545
1088,1.81747806586423
1089,1.83645144079278
1090,1.86475572088339
1091,1.89651100002715
1092,1.92471327813415
1093,1.9470565509615
1094,1.95547391012212
1095,1.94731283729185
1096,1.92671667010995
1097,1.88974490973423
1098,1.84126128249201
1099,1.78474032095513
1100,1.72663360012232
1101,1.67387992584806
1102,1.6304493538363
1103,1.60558910539435
1104,1.59326689514034
1105,1.60332386263369
1106,1.63294996364562
1107,1.67536945739073
1108,1.73295806023427
1109,1.79775797799962
1110,1.86247089722429
1111,1.92614098708008
1112,1.97721167529225
1113,2.01836243034714
1114,2.04225348684068
1115,2.04654412388691
1116,2.03330383798146
1117,2.00406419437605
1118,1.95713903661086
1119,1.90322658058605
1120,1.83686104035881
1121,1.76909170726299
1122,1.69742723495734
1123,1.62787818799817
1124,1.56510200869885
1125,1.50672670650824
1126,1.45439149929762
1127,1.40892023609988
1128,1.37062632912391
1129,1.33968894198509
1130,1.31746485315853
1131,1.30354086393441
1132,1.29274406590751
1133,1.28419108353788
1134,1.27683015302464
1135,1.27355577094427
1136,1.27624675701173
1137,1.28713982125397
1138,1.30336459722126
1139,1.33937831165411
1140,1.37874342387944
1141,1.4361452314654
1142,1.49731323963839
1143,1.56910396227007
1144,1.64255052455466
1145,1.71340004140997
1146,1.78303765120276
1147,1.83985620943682
1148,1.88611516846132
1149,1.91879372087519
1150,1.93626696217929
1151,1.94211601011821
1152,1.93607718038726
1153,1.92186482285745
1154,1.90457210831498
1155,1.88828485383667
1156,1.8764645386724
1157,1.87460114898426
1158,1.8796816507814
1159,1.89837565277056
1160,1.93042393236114
1161,1.96924511882208
1162,2.01662409461312
1163,2.06450079164105
1164,2.10952325176526
1165,2.1480250750022
1166,2.17354873847207
1167,2.18577665829653
1168,2.1745564344326
1169,2.14561744335488
1170,2.09393322466135
1171,2.02511207732684
1172,1.94632176002286
1173,1.85630913773193
1174,1.76536106776482
1175,1.67830080613261
1176,1.60120365417837
1177,1.54047605136022
1178,1.4999484060633
1179,1.48133183758639
1180,1.48974301031124
1181,1.52034749633411
1182,1.56524299220595
1183,1.63069128261441
1184,1.70445339912226
1185,1.78398352987146
1186,1.85351314066387
1187,1.92099214034442
1188,1.97296200220499
1189,2.00898143984585
1190,2.02961040598686
1191,2.03294550686277
1192,2.02270156798726
1193,2.00027968496329
1194,1.96971798815394
1195,1.93551411099485
1196,1.90222608985485
1197,1.87117260014108
1198,1.84509990860027
1199,1.82561858861142
1200,1.81477448899957
1201,1.80840027782342
1202,1.80691464641801
1203,1.80464528774148
1204,1.80155500764198
1205,1.79447379397826
1206,1.7758743195672
1207,1.75495742169278
1208,1.7144404583498
1209,1.67055813901119
1210,1.61302952081083
1211,1.54834545749617
1212,1.48510218711722
1213,1.42255640634249
1214,1.36264871048243
1215,1.31960934366631
1216,1.28902034540801
1217,1.27862017692872
1218,1.28540876026185
1219,1.31181424026463
1220,1.35640951261373
1221,1.41534983980501
1222,1.48480483048508
1223,1.5590944380863
1224,1.63130114622755
1225,1.69733431696993
1226,1.75330811603025
1227,1.80190932496009
1228,1.83584281286776
1229,1.85901315858618
1230,1.87064042419111
1231,1.87551501717049
1232,1.87781874971981
1233,1.87953650158951
1234,1.88570837073566
1235,1.89581123289589
1236,1.91701566684765
1237,1.94548903388917
1238,1.97987392809579
1239,2.01972638253067
1240,2.06297561290458
1241,2.10275316109198
1242,2.13556640976944
1243,2.15581231631938
1244,2.16449035556409
1245,2.14975486061439
1246,2.12000437416784
1247,2.06924233446319
1248,2.00022801330031
1249,1.92120290179071
1250,1.83602178251048
1251,1.74227790482052
1252,1.65781706642403
1253,1.58558151507371
1254,1.52760707045115
1255,1.48856670808197
1256,1.47402674449171
1257,1.48104460076735
1258,1.50699325258842
1259,1.55274339822707
1260,1.60928202064895
1261,1.67600456333441
1262,1.73721193830612
1263,1.79520369165259
1264,1.84140889037872
1265,1.87575581326109
1266,1.89572222420632
1267,1.90024844848851
1268,1.89358459630752
1269,1.87711483771246
1270,1.85620362332791
1271,1.83567534246791
1272,1.82054061257727
1273,1.81357543898641
1274,1.81708552592666
1275,1.83521264437257
1276,1.86223979618232
1277,1.90051330190887
1278,1.94329868008536
1279,1.99116654529528
1280,2.03500240808372
1281,2.07294585673807
1282,2.09981956890596
1283,2.11044783678626
1284,2.10302700484155
1285,2.07664021536074
1286,2.03058699708872
1287,1.97331225837158
1288,1.89195391344345
1289,1.80302689726565
1290,1.70602726204781
1291,1.60859099792351
1292,1.51493643999935
1293,1.4259536231148
1294,1.34100450482575
1295,1.27245540886215
1296,1.21276001730671
1297,1.16867708656311
1298,1.1361448707455
1299,1.11356524253848
1300,1.10251062693145
1301,1.10052182839131
1302,1.10606076154337
1303,1.12167513746685
1304,1.14083238801239
1305,1.17117684627583
1306,1.20502717269972
1307,1.24889149247354
1308,1.30041297202087
1309,1.36298157227017
1310,1.43094164593898
1311,1.50146001222223
1312,1.58494746039415
1313,1.66120392656225
1314,1.7463892534977
1315,1.82273428691632
1316,1.89331110603209
1317,1.95426883193165
1318,2.00348648283977
1319,2.03706966865219
1320,2.05503641976936
1321,2.05557615604734
1322,2.04011151215442
1323,2.01111673183065
1324,1.97225962587726
1325,1.92837007153495
1326,1.88269283038685
1327,1.83891555702201
1328,1.80367058026769
1329,1.77917843349835
1330,1.76981726240597
1331,1.77509514827182
1332,1.79459781328353
1333,1.82814696360659
1334,1.87057534965442
1335,1.92170949089112
1336,1.9706456850727
1337,2.01558472067678
1338,2.04977739529805
1339,2.07263370365718
1340,2.07504343455653
1341,2.06130181600358
1342,2.03236082429655
1343,1.9929540750308
1344,1.94140416303539
1345,1.88719169219412
1346,1.84291763960534
1347,1.80627038818041
1348,1.78934648363292
1349,1.79409188243566
1350,1.81626236844588
1351,1.87595597688756
1352,1.9479868636431
1353,2.04255538222824
1354,2.15360021693145
1355,2.27143401177586
1356,2.37967901158232
1357,2.47867376066839
1358,2.56283125817956
1359,2.61521072831006
1360,2.64372848035066
1361,2.63722391303626
1362,2.60461742687438
1363,2.54162436791038
1364,2.45676664206957
1365,2.35644789032136
1366,2.25202134008235
1367,2.14405540502662
1368,2.04684798271868
1369,1.96053697317051
1370,1.89708365351968
1371,1.85191759892837
1372,1.83380444834637
1373,1.83395820482176
1374,1.85109545575568
1375,1.88182128836311
1376,1.91923248056684
1377,1.95766635071085
1378,1.98526077306269
1379,2.0049733474517
1380,2.00889369209602
1381,1.99547538644433
1382,1.96484125760162
1383,1.91927559154706
1384,1.86376651550383
1385,1.79647139605266
1386,1.73554383009917
1387,1.68087005699184
1388,1.63534638296311
1389,1.60613898506888
1390,1.5952161707341
1391,1.60230276834859
1392,1.62745043207074
1393,1.66531120957662
1394,1.71565805361554
1395,1.77570661429719
1396,1.83150147453013
1397,1.88549893926159
1398,1.93186634188169
1399,1.96382543186858
1400,1.98504107687409
1401,1.99123143086496
1402,1.98044760118511
1403,1.95752536978624
1404,1.9216711970071
1405,1.87650600114163
1406,1.82551871584898
1407,1.76670247218401
1408,1.70748095713871
1409,1.64348357964599
1410,1.58602387704251
1411,1.5310975195749
1412,1.47253674711154
1413,1.42232457295299
1414,1.37703708475724
1415,1.33552866239554
1416,1.29808077017391
1417,1.26714656245683
1418,1.24034144461799
1419,1.22542786956105
1420,1.21931583672516
1421,1.22525457585032
1422,1.24689942765288
1423,1.28288451632391
1424,1.33423358554366
1425,1.40424909161788
1426,1.47467435291857
1427,1.56609298623215
1428,1.65729526592957
1429,1.75465837630577
1430,1.84217841724351
1431,1.92654451058946
1432,1.99630849655614
1433,2.05567585793604
1434,2.09768587696403
1435,2.12236328902413
1436,2.13189278051747
1437,2.12623608180235
1438,2.1142961244482
1439,2.09606110745466
1440,2.07400631407475
1441,2.05755975778253
1442,2.04628617830133
1443,2.04814816168612
1444,2.06245289282741
1445,2.08898524686348
1446,2.13010800322404
1447,2.1768893188316
1448,2.23258256251839
1449,2.28614840451101
1450,2.33583402181185
1451,2.37423381084882
1452,2.39800672138782
1453,2.40248754573711
1454,2.38548920959202
1455,2.34636506686147
1456,2.27960284755161
1457,2.19632184873354
1458,2.09669908889332
1459,1.9904994618781
1460,1.88331575076589
1461,1.78806785536864
1462,1.70160949879238
1463,1.63807900181564
1464,1.6037173126895
1465,1.60011278152665
1466,1.62310683856857
1467,1.68429815293976
1468,1.76094886978256
1469,1.85830515124556
1470,1.96354209644847
1471,2.07269061431122
1472,2.17139669100715
1473,2.25669312998778
1474,2.3214102073262
1475,2.36076865383136
1476,2.37573190923808
1477,2.36518204357681
1478,2.33485995818874
1479,2.29023383559951
1480,2.23596014421098
1481,2.17542415407595
1482,2.11969397905759
1483,2.07342996901574
1484,2.04059513645507
1485,2.02292398816249
1486,2.022013705342
1487,2.03507647042564
1488,2.05832091417071
1489,2.08721990825138
1490,2.11856158432776
1491,2.14385720985289
1492,2.16036588797992
1493,2.15982163928136
1494,2.14113596264719
1495,2.10181810302584
1496,2.0478329959208
1497,1.97037347053434
1498,1.88135430838059
1499,1.78150814631797
1500,1.67966369706261
1501,1.58089598605966
1502,1.4855385465345
1503,1.4096504823252
1504,1.34818542307176
1505,1.30622215480759
1506,1.28674524884956
1507,1.2845504356845
1508,1.2970129448192
1509,1.32422899161563
1510,1.35885275360209
1511,1.39614883667779
1512,1.43510518342316
1513,1.47166645771016
1514,1.50171073800369
1515,1.52641147045109
1516,1.5456080890976
1517,1.5591071280211
1518,1.56989354210311
1519,1.57799170812741
1520,1.58722341959003
1521,1.59788152146122
1522,1.61041127955941
1523,1.62634388976778
1524,1.64555282958414
1525,1.66398226371689
1526,1.68039128166313
1527,1.69278371777925
1528,1.69696075004994
1529,1.69399974194529
1530,1.68347028124166
1531,1.66306455398296
1532,1.63586295819502
1533,1.60135956532033
1534,1.56452091364445
1535,1.52663013313603
1536,1.49355174284594
1537,1.46647817604532
1538,1.44918685328634
1539,1.44396779715957
1540,1.44946012763222
1541,1.46743856251749
1542,1.49865370595498
1543,1.538114576009
1544,1.5822271533213
1545,1.62815467494966
1546,1.67313306021183
1547,1.71425663651327
1548,1.74555926596511
1549,1.76623821122752
1550,1.77647971462105
1551,1.77692761222342
1552,1.76963683513135
1553,1.75615836103032
1554,1.74044256071663
1555,1.72464109778869
1556,1.71654391822087
1557,1.715467178257
1558,1.72689346501359
1559,1.75123895583813
1560,1.78731269152862
1561,1.8308789792346
1562,1.88653324489238
1563,1.94373689886264
1564,2.00347030602631
1565,2.05626131773728
1566,2.09810750499941
1567,2.12990450582272
1568,2.14624284323589
1569,2.13888866464203
1570,2.11623399080068
1571,2.07450731878853
1572,2.01539923733974
1573,1.9454463889317
1574,1.8671528371142
1575,1.78541437504027
1576,1.70711949336729
1577,1.63681685994107
1578,1.57894953619328
1579,1.53612704227683
1580,1.50858599518046
1581,1.49850535740277
1582,1.50258600591748
1583,1.51913553351458
1584,1.54691527796134
1585,1.57578784217404
1586,1.60686469107013
1587,1.63236278011261
1588,1.65114965828014
1589,1.66109858342225
1590,1.66294365624128
1591,1.6547923612733
1592,1.64297785454707
1593,1.62793242927817
1594,1.61601046309806
1595,1.61246403307172
1596,1.61822604604251
1597,1.63688745378616
1598,1.67018589702475
1599,1.71863557240934
1600,1.7748530424237
1601,1.83961279966372
1602,1.91203218304029
1603,1.98310580643247
1604,2.04616968369807
1605,2.09973317671111
1606,2.13566799263979
1607,2.15380458702458
1608,2.15329062134896
1609,2.12707924923606
1610,2.08754783189927
1611,2.02841906319484
1612,1.96133313798821
1613,1.88942842391795
1614,1.81588790166082
1615,1.74793504545161
1616,1.69145832383725
1617,1.64543973410504
1618,1.61564677461878
1619,1.60166027331438
1620,1.600873797949
1621,1.61163178476336
1622,1.62930186150115
1623,1.65117816898357
1624,1.67138259204643
1625,1.68409589999683
1626,1.6891203999823
1627,1.68550283580599
1628,1.66841658185883
1629,1.64503305089534
1630,1.61465433781456
1631,1.58292646892487
1632,1.55404809260092
1633,1.53332633111627
1634,1.52379811075952
1635,1.52876523224985
1636,1.54692078338915
1637,1.58722164479438
1638,1.6405711823354
1639,1.70621423859675
1640,1.77611094578145
1641,1.85323339046284
1642,1.9256730712505
1643,1.99033244643535
1644,2.04002152113144
1645,2.07797368006071
1646,2.09420330679714
1647,2.09220229747541
1648,2.07164799596227
1649,2.04098840703216
1650,1.99464696403493
1651,1.9422570626995
1652,1.88478679411613
1653,1.82815766151613
1654,1.77746002967291
1655,1.73432802115952
1656,1.698701513294
1657,1.67222954068969
1658,1.6548184303625
1659,1.64601399438481
1660,1.64067357278599
1661,1.63919625086114
1662,1.6358690125895
1663,1.6318038545187
1664,1.61841374413824
1665,1.60142106786315
1666,1.57362472877965
1667,1.54320925939267
1668,1.50480490570046
1669,1.46214952902058
1670,1.41625439273014
1671,1.37419079771213
1672,1.33557853645895
1673,1.30255566736109
1674,1.27900427958354
1675,1.26414100563809
1676,1.26017840611052
1677,1.26335116127994
1678,1.27622476407935
1679,1.29610169010691
1680,1.32089246237354
1681,1.34778691461322
1682,1.37547014143926
1683,1.40488735042866
1684,1.43550935225131
1685,1.46441408192414
1686,1.49793971246969
1687,1.53091868863768
1688,1.5639458996631
1689,1.5930867467754
1690,1.62298073918213
1691,1.65348887522991
1692,1.68193921008465
1693,1.71057900383032
1694,1.73753022805674
1695,1.76182613757556
1696,1.78173355054748
1697,1.79529085987141
1698,1.801372585733
1699,1.7966967603404
1700,1.78354504501435
1701,1.76160386325161
1702,1.73070091138359
1703,1.69496277878796
1704,1.65433643878456
1705,1.61251899292138
1706,1.57803556633999
1707,1.5520376242586
1708,1.53876607993754
1709,1.5394460092751
1710,1.56321077276424
1711,1.60123386301041
1712,1.66072190546976
1713,1.73537236595617
1714,1.81551391030255
1715,1.90745646133094
1716,1.9967248385355
1717,2.08230562607475
1718,2.15366795841952
1719,2.20844902386457
1720,2.24473705502813
1721,2.25806656699012
1722,2.25089113031216
1723,2.22509570206395
1724,2.18488086185315
1725,2.13896382477568
1726,2.08543585370053
1727,2.03900185531793
1728,2.00199755780722
1729,1.97888626777629
1730,1.97441372190386
1731,1.99059942547007
1732,2.02500956662229
1733,2.0787818071242
1734,2.14181523025473
1735,2.20815282002069
1736,2.27880108609588
1737,2.34184201444372
1738,2.39081651516185
1739,2.41554874764473
1740,2.41716117099698
1741,2.39637695536613
1742,2.34732701211814
1743,2.27336737846901
1744,2.18400562811852
1745,2.08132347336527
1746,1.97409231520365
1747,1.87382442145325
1748,1.78315271797402
1749,1.71297509932568
1750,1.66619602945596
1751,1.64350717681359
1752,1.65108937786611
1753,1.68457078228055
1754,1.73701170875703
1755,1.80942410882831
1756,1.8875047513503
1757,1.9683700367073
1758,2.04380520770863
1759,2.10785160421741
1760,2.15805873846318
1761,2.1899418447733
1762,2.2002804439676
1763,2.19263021722646
1764,2.16673138289911
1765,2.12607195760679
1766,2.0747767728236
1767,2.02245942391846
1768,1.96725633394898
1769,1.91721897261036
1770,1.87331735088735
1771,1.83807079551121
1772,1.81253664347652
1773,1.79745852979704
1774,1.79047046840695
1775,1.78896318819965
1776,1.79333185105793
1777,1.79862280113097
1778,1.80377856459368
1779,1.80391673901236
1780,1.80037358176225
1781,1.7894939718153
1782,1.77516413234619
1783,1.75419620490904
1784,1.72579184904418
1785,1.68880740494096
1786,1.65170259714806
1787,1.61512860206116
1788,1.57415416877866
1789,1.53666018595827
1790,1.49546307979936
1791,1.46197814022289
1792,1.43168402156424
1793,1.40422969375503
1794,1.38363590699537
1795,1.37187225372646
1796,1.3634339718314
1797,1.36962625168714
1798,1.38053177920345
1799,1.40492910170859
1800,1.44572191744209
1801,1.49710749248348
1802,1.55769611481682
1803,1.63039712738593
1804,1.71314334471638
1805,1.80329576535004
1806,1.89100802064196
1807,1.9845802125031
1808,2.07212615233079
1809,2.14863931626405
1810,2.21631706153142
1811,2.26594138167584
1812,2.29874790536998
1813,2.31220739027351
1814,2.30718404069256
1815,2.28576360111269
1816,2.2454718387608
1817,2.19430760869365
1818,2.13310923335143
1819,2.07655828644979
1820,2.01782186800159
1821,1.96891466990331
1822,1.933798429122
1823,1.91305258284618
1824,1.91383036970585
1825,1.92941926357644
1826,1.96215394332657
1827,2.01238180654831
1828,2.06774175587238
1829,2.13034299802194
1830,2.18925622122189
1831,2.23886559214685
1832,2.27375504153003
1833,2.29115378545194
1834,2.28993286869663
1835,2.26326119977309
1836,2.21683806291846
1837,2.15419129060432
1838,2.07856909640216
1839,1.99549576529708
1840,1.9157701975111
1841,1.8472540888023
1842,1.79457154027969
1843,1.76594243512806
1844,1.76499187078944
1845,1.79082592472935
1846,1.84390602735241
1847,1.92379227703022
1848,2.02170027026147
1849,2.13020428753317
1850,2.23948175920592
1851,2.34825785403027
1852,2.43869989832019
1853,2.51081465495553
1854,2.55471032556906
1855,2.5724761493969
1856,2.56079371476033
1857,2.51995153557651
1858,2.4537329041727
1859,2.36816552136602
1860,2.2731675425383
1861,2.17115130616776
1862,2.07266897519329
1863,1.98012301883636
1864,1.90121808794475
1865,1.84268921457613
1866,1.80201524639585
1867,1.78132938834612
1868,1.7769301738215
1869,1.78731569216602
1870,1.80642607818373
1871,1.83042799217246
1872,1.8535998221155
1873,1.8719459892305
1874,1.88214508298626
1875,1.87904697201362
1876,1.86328094785509
1877,1.8350007963299
1878,1.79657871159447
1879,1.74886185560369
1880,1.69782074293346
1881,1.64595589571066
1882,1.5959099222273
1883,1.55278020712687
1884,1.5170608339706
1885,1.49157634621374
1886,1.47660738111954
1887,1.47178621884269
1888,1.47732087868917
1889,1.48892758667875
1890,1.5066717839211
1891,1.5291962902815
1892,1.55389900139412
1893,1.57992252022702
1894,1.60566520968277
1895,1.63002163836945
1896,1.65548044104678
1897,1.67797848411965
1898,1.70044161762355
1899,1.72063916362545
1900,1.73740956701175
1901,1.75346813507894
1902,1.7642948983987
1903,1.77066294290584
1904,1.77200359881876
1905,1.76611113603677
1906,1.75345473085627
1907,1.73323177003216
1908,1.70650879186301
1909,1.67448102430546
1910,1.63702525503924
1911,1.59696700274283
1912,1.55935029009999
1913,1.5262595506594
1914,1.4991943593227
1915,1.48237837815615
1916,1.48061752319623
1917,1.49167451058547
1918,1.51475425417074
1919,1.55436914751074
1920,1.61022372800008
1921,1.6731426474263
1922,1.74012830826118
1923,1.81284341361946
1924,1.88110872435836
1925,1.94348748042423
1926,1.99539756425217
1927,2.03220958382816
1928,2.05736303514421
1929,2.0641521686789
1930,2.05994013725432
1931,2.04162882516414
1932,2.01498921265564
1933,1.98488028768763
1934,1.95255249348383
1935,1.92443126714356
1936,1.90533538680676
1937,1.89342762783824
1938,1.8965800193967
1939,1.90884775042277
1940,1.93323059315615
1941,1.96683614458123
1942,2.00621104853418
1943,2.04773402916942
1944,2.08409886413022
1945,2.11330375918859
1946,2.13087637483343
1947,2.13565476491224
1948,2.1158006832974
1949,2.07896189925542
1950,2.02740704694874
1951,1.95557865062934
1952,1.87588200573253
1953,1.78330702696311
1954,1.69198947630295
1955,1.60311530336945
1956,1.52530244308689
1957,1.46170731450311
1958,1.41918507985673
1959,1.39726096356328
1960,1.39731633327389
1961,1.41818609091616
1962,1.45847646081374
1963,1.51295804040228
1964,1.57491793611866
1965,1.64305104487841
1966,1.70858726153558
1967,1.76661306603478
1968,1.81514579250618
1969,1.84994068251904
1970,1.87065763137746
1971,1.87742639199848
1972,1.87303075005925
1973,1.85838236904389
1974,1.83896180329777
1975,1.81742387619857
1976,1.79549881305192
1977,1.77786524530881
1978,1.76490497584956
1979,1.75764556670987
1980,1.75551534260838
1981,1.75701013766693
1982,1.7601866947542
1983,1.76302726338003
1984,1.76098376640414
1985,1.75580338256362
1986,1.73971068321131
1987,1.7149185620234
1988,1.68213694846731
1989,1.64207129070659
1990,1.59268543054228
1991,1.53843744621056
1992,1.48592221594336
1993,1.43592980046549
1994,1.3900252431768
1995,1.35525221334798
1996,1.32884405596658
1997,1.31555897667855
1998,1.31405230408698
1999,1.32185809668936
2000,1.33869307835378
2001,1.3605562990481
2002,1.38728545762805
2003,1.41087908548748
2004,1.43434675106096
2005,1.45150034934067
2006,1.46476828302556
2007,1.47434124476352
2008,1.47943349301901
2009,1.48338672723011
2010,1.49053900624411
2011,1.50066772890899
2012,1.51627811728494
2013,1.54398188917228
2014,1.57905485232366
2015,1.62334997505867
2016,1.67547642090601
2017,1.73984966221266
2018,1.8013968049441
2019,1.8639722129607
2020,1.92334139332215
2021,1.97334982235538
2022,2.01039773490897
2023,2.03536963839142
2024,2.04087371600955
2025,2.03365061174786
2026,2.00722934005341
2027,1.96703504422286
2028,1.91498228490757
2029,1.8559127154509
2030,1.79298385512786
2031,1.72664954059854
2032,1.66563823139151
2033,1.61053716458812
2034,1.56553034731645
2035,1.52888250075426
2036,1.5020085612909
2037,1.48522178629796
2038,1.47742159465623
2039,1.47553271938174
2040,1.47805202154445
2041,1.48247697804869
2042,1.48640708408507
2043,1.4879235872936
2044,1.4856301288278
2045,1.48051529945047
2046,1.47115759518169
2047,1.45974434248096
2048,1.44735480776364
2049,1.43599505313575
2050,1.42761932978296
2051,1.42281552924601
2052,1.42468143023697
2053,1.43203615522203
2054,1.44614637143596
2055,1.46489223778278
2056,1.48879333880079
2057,1.51522928865453
2058,1.54181833742295
2059,1.56639706569906
2060,1.58761937398515
2061,1.60401357389882
2062,1.61247282938797
2063,1.61366664148386
2064,1.60763128292606
2065,1.59561335333859
2066,1.57750450929297
2067,1.55549850725155
2068,1.53263555511215
2069,1.51072764065815
2070,1.49274931180135
2071,1.47883504943693
2072,1.46613462297938
2073,1.45516396796842
2074,1.44582236135596
2075,1.43881271672116
2076,1.43336389783901
2077,1.42722799065513
2078,1.42288879882403
2079,1.41513209959487
2080,1.4084665587403
2081,1.40104171070282
2082,1.39757619552492
2083,1.39446597732624
2084,1.39903746881834
2085,1.4084731739883
2086,1.42756397277621
2087,1.45537240931365
2088,1.50105068502905
2089,1.55659196417137
2090,1.62834938960919
2091,1.70083032993493
2092,1.78886572767379
2093,1.87854143514023
2094,1.96481193064135
2095,2.04817062729871
2096,2.11855418796498
2097,2.17544453814927
2098,2.21414576332462
2099,2.23318669305751
2100,2.23415900929625
2101,2.2128295277742
2102,2.177505957955
2103,2.12844403178288
2104,2.07035354601957
2105,2.01073034096623
2106,1.95551288599314
2107,1.90580122901833
2108,1.871296903904
2109,1.84905119929847
2110,1.84641846776251
2111,1.85563360437834
2112,1.8847552552279
2113,1.92233772195994
2114,1.96634814812596
2115,2.00848663096022
2116,2.04582430421564
2117,2.07535433383386
2118,2.08560376948999
2119,2.08012431203429
2120,2.05254932844743
2121,2.01443082308133
2122,1.94976404485316
2123,1.87750262730513
2124,1.80543257360091
2125,1.72881643043007
2126,1.66332752020533
2127,1.61085793834108
2128,1.57944754300178
2129,1.5724711731089
2130,1.5902893334729
2131,1.63184790187508
2132,1.70067112010508
2133,1.78056587475749
2134,1.87591886245013
2135,1.97708591055525
2136,2.07475085886181
2137,2.17095317587219
2138,2.24696364401168
2139,2.31014253087043
2140,2.34893041281154
2141,2.36787874311168
2142,2.36306689653024
2143,2.34122027736727
2144,2.29795257062261
2145,2.24107891133518
2146,2.16994627445954
2147,2.09950121822991
2148,2.02167501353286
2149,1.94446691579304
2150,1.8710748011407
2151,1.80510209759012
2152,1.74274574958271
2153,1.6894998886465
2154,1.64425246310164
2155,1.60803943013128
2156,1.57595164243294
2157,1.55080847446805
2158,1.52963753396225
2159,1.51296232936075
2160,1.49819332847382
2161,1.48571122391805
2162,1.47594079077086
2163,1.46619186639635
2164,1.45896828778902
2165,1.45416613735031
2166,1.45009841913899
2167,1.45061252784755
2168,1.45226496094555
2169,1.45838011702235
2170,1.46730661907195
2171,1.4836296148731
2172,1.50236679457796
2173,1.52856037101588
2174,1.55703396938764
2175,1.59480839524745
2176,1.63389042212289
2177,1.68247245922754
2178,1.73436481885719
2179,1.79431312710984
2180,1.85596938122778
2181,1.92256797285506
2182,1.9891545692121
2183,2.05412024870803
2184,2.11687031875711
2185,2.17366945019658
2186,2.2190221949078
2187,2.25556761492879
2188,2.27699036381129
2189,2.28602983579549
2190,2.27575160613127
2191,2.24552581683168
2192,2.2002689115261
2193,2.14467818305366
2194,2.07308089399478
2195,1.99289125154636
2196,1.90838117662145
2197,1.82435360097713
2198,1.74809636050361
2199,1.68207754296531
2200,1.63266021392088
2201,1.60623570359692
2202,1.59891133319145
2203,1.61321538095492
2204,1.65418967455771
2205,1.71211016897001
2206,1.79116531566106
2207,1.87522813173948
2208,1.96558332922726
2209,2.05549162522698
2210,2.13513251871012
2211,2.20171452214998
2212,2.25180893826219
2213,2.27722700808727
2214,2.28286802243375
2215,2.26791454127826
2216,2.23658527073063
2217,2.19094138094095
2218,2.13963111212821
2219,2.08971098113003
2220,2.04303327635522
2221,2.0098982031395
2222,1.9945906605984
2223,2.00057402032384
2224,2.02742659693623
2225,2.07281610950009
2226,2.13477022837698
2227,2.21002945004192
2228,2.28910739489557
2229,2.37240405495582
2230,2.44314778265713
2231,2.49611164541163
2232,2.53062091067738
2233,2.54473235142283
2234,2.52296376005634
2235,2.47907410861867
2236,2.39944150502562
2237,2.30532272455961
2238,2.19357280406082
2239,2.07139006523822
2240,1.94252038017964
2241,1.82224159352505
2242,1.7133437329623
2243,1.62264413533978
2244,1.55868255836626
2245,1.52298942001856
2246,1.5146539147373
2247,1.52935361276481
2248,1.57028039271204
2249,1.63283802880911
2250,1.70598455296089
2251,1.78678532369361
2252,1.86420628415988
2253,1.93720670630213
2254,2.00196716501462
2255,2.05323126001622
2256,2.08890736126806
2257,2.1093745375836
2258,2.11568953153099
2259,2.10820682968593
2260,2.08964757806482
2261,2.06287829467612
2262,2.03180328367119
2263,1.99918211846901
2264,1.96310598211514
2265,1.93054084700678
2266,1.89784235234013
2267,1.86948250652902
2268,1.84417404309112
2269,1.81939817478042
2270,1.79879439826789
2271,1.77784353404411
2272,1.75818534580413
2273,1.73968865497471
2274,1.71977571261172
2275,1.7002376555327
2276,1.67968236897728
2277,1.65693882047815
2278,1.63473169998301
2279,1.60869551411696
2280,1.58508931464759
2281,1.55639547661739
2282,1.52992339092041
2283,1.50308251634838
2284,1.47750286976232
2285,1.45148501669127
2286,1.43473424613322
2287,1.41675998230008
2288,1.4087259959191
2289,1.41000091763558
2290,1.41997680841028
2291,1.44802948396662
2292,1.47626428203143
2293,1.52724703190357
2294,1.5923330598367
2295,1.66222669101206
2296,1.74618577383479
2297,1.84191481632706
2298,1.93345998007189
2299,2.02687207111835
2300,2.11578652952388
2301,2.19371771115472
2302,2.26074479128973
2303,2.3118953174159
2304,2.34477675631925
2305,2.35673704452737
2306,2.34753031642411
2307,2.31935869537536
2308,2.27307026933962
2309,2.21553235870801
2310,2.13906461562232
2311,2.06315951996416
2312,1.97865537624973
2313,1.89675407750861
2314,1.82347907400715
2315,1.76034023195763
2316,1.71130507060168
2317,1.67876490262587
2318,1.66158278350281
2319,1.66057940179455
2320,1.67389005571149
2321,1.69739658804942
2322,1.72854040355784
2323,1.7617409457354
2324,1.79239933841184
2325,1.81680444479595
2326,1.83151806429674
2327,1.83415405336056
2328,1.82662787326587
2329,1.80479128973933
2330,1.77581439570174
2331,1.7366520933949
2332,1.69710922422587
2333,1.66178267088975
2334,1.63386139826882
2335,1.61756532443861
2336,1.62020824036226
2337,1.64186723260283
2338,1.68104297289959
2339,1.7401297727468
2340,1.81488779369783
2341,1.90145970766463
2342,1.99398556912969
2343,2.08851649115478
2344,2.17605983994741
2345,2.25128724555612
2346,2.31279481810484
2347,2.35176014318091
2348,2.36586028872495
2349,2.35727414975182
2350,2.32107438741158
2351,2.26814527939147
2352,2.19631376058787
2353,2.10937784555724
2354,2.01515774127259
2355,1.91248744148632
2356,1.811686296661
2357,1.71908590501472
2358,1.63520855406785
2359,1.56221085104558
2360,1.50113310106548
2361,1.45531050747636
2362,1.41906593443963
2363,1.39520349642732
2364,1.38011288189426
2365,1.37116856224352
2366,1.36652931926203
2367,1.36298431383382
2368,1.36105802599347
2369,1.35750442760297
2370,1.35378363260765
2371,1.34957461017902
2372,1.3486155189035
2373,1.34928637419238
2374,1.35397968607899
2375,1.3647855967389
2376,1.38156143695614
2377,1.40359865303878
2378,1.43265795932134
2379,1.46585717223963
2380,1.50161581312686
2381,1.53771991711272
2382,1.57279320260522
2383,1.60413189515326
2384,1.63048788831
2385,1.65038098080131
2386,1.66294293022644
2387,1.66677680280624
2388,1.66375696951901
2389,1.65373683890353
2390,1.63816276779602
2391,1.61777948339179
2392,1.59303752480931
2393,1.56424273159515
2394,1.53522375295065
2395,1.50289941474136
2396,1.47166921896645
2397,1.43700727758186
2398,1.40306527904227
2399,1.37113182087117
2400,1.3376866716629
2401,1.30794058527661
2402,1.27830863616847
2403,1.25197875971084
2404,1.22936647650312
2405,1.21241955409995
2406,1.20097980714538
2407,1.19748397981145
2408,1.20146117728289
2409,1.21426366391046
2410,1.23546864523044
2411,1.26511499804661
2412,1.30129298649087
2413,1.34614787934059
2414,1.39433921207616
2415,1.44434463465122
2416,1.49682078456104
2417,1.54388706841259
2418,1.58870747072336
2419,1.62847458605184
2420,1.66111472525696
2421,1.68498688725474
2422,1.70122293898398
2423,1.71028180893823
2424,1.70960014763744
2425,1.70388332071812
2426,1.69202703674483
2427,1.67664299176266
2428,1.6582608763201
2429,1.63679474681949
2430,1.6165727602327
2431,1.59443475239638
2432,1.57361410994322
2433,1.55202903832819
2434,1.53240921130376
2435,1.50940499256355
2436,1.48568634455186
2437,1.46017552627192
2438,1.43372105336803
2439,1.40645394220721
2440,1.37179512093422
2441,1.33695624072094
2442,1.30083826204456
2443,1.26301422788136
2444,1.22878736365507
2445,1.1966101074303
2446,1.16856119001628
2447,1.14717677053364
2448,1.13838988914904
2449,1.13560490588321
2450,1.1470957846346
2451,1.17349322913263
2452,1.20919798903384
2453,1.25254254923426
2454,1.30936778516524
2455,1.36972253963612
2456,1.43592085606206
2457,1.49751653797748
2458,1.56735458404797
2459,1.62697528265989
2460,1.68243573336946
2461,1.72946471525586
2462,1.76887899911059
2463,1.80067439003808
2464,1.82424454970213
2465,1.84122684923084
2466,1.85316059132163
2467,1.86120027026535
2468,1.86681437922587
2469,1.86972842054754
2470,1.87081873995072
2471,1.87167768550486
2472,1.87058169858815
2473,1.86563062081103
2474,1.85741480654402
2475,1.84190779176255
2476,1.81875977819356
2477,1.78632876639662
2478,1.74466875630644
2479,1.69660150840052
2480,1.6381369897956
2481,1.57154208255294
2482,1.49490844536512
2483,1.42477984956562
2484,1.35651761235639
2485,1.28776132268208
2486,1.2376577634736
2487,1.19911451846683
2488,1.17718702989935
2489,1.17941594522216
2490,1.2015044706193
2491,1.24655258465251
2492,1.30687670128762
2493,1.38036336859454
2494,1.46781062023023
2495,1.56111950082423
2496,1.65247720705876
2497,1.73945595185326
2498,1.81737145671542
2499,1.88098940875168
2500,1.93291494227448
2501,1.96776082245115
2502,1.98883823225037
2503,1.99456648890338
2504,1.98983978125897
2505,1.97529758099159
2506,1.95251535920211
2507,1.92621140342949
2508,1.90011508375001
2509,1.87457750251316
2510,1.85029618801002
2511,1.82968499585094
2512,1.81250707121925
2513,1.79763228264889
2514,1.7851210567829
2515,1.77440170074289
2516,1.76268743858765
2517,1.75073766707601
2518,1.73237103433562
2519,1.71452506022349
2520,1.69098402679925
2521,1.65938143958525
2522,1.62643025843477
2523,1.58815578263374
2524,1.5459702224669
2525,1.5017782685576
2526,1.45816040286644
2527,1.41571276625026
2528,1.38050437080974
2529,1.34993837013539
2530,1.32630819815279
2531,1.31380414004823
2532,1.31112285328143
2533,1.32248267843273
2534,1.3439022405521
2535,1.38125722285347
2536,1.42149233504164
2537,1.48087479541
2538,1.53875746725822
2539,1.60686676830991
2540,1.67500861656401
2541,1.74471499769047
2542,1.81066726018202
2543,1.86957407501375
2544,1.92167628814568
2545,1.9615767677903
2546,1.99000752413614
2547,2.00566430698848
2548,2.00520628551025
2549,1.9936313121694
2550,1.97184497215688
2551,1.93805736725445
2552,1.89830321875522
2553,1.85246662101809
2554,1.80354258989016
2555,1.75645133818441
2556,1.71191532968976
2557,1.67458290697369
2558,1.64307719365875
2559,1.61912779417889
2560,1.60489925124904
2561,1.59958343182769
2562,1.60185262940109
2563,1.6110542232776
2564,1.6241534022798
2565,1.64112461224942
2566,1.65608921412732
2567,1.67163302128505
2568,1.6828076062885
2569,1.68902987387177
2570,1.69135695545826
2571,1.68772694035097
2572,1.67932820620616
2573,1.66975726662449
2574,1.6593249123098
2575,1.65004133564605
2576,1.64335559113287
2577,1.64700845966313
2578,1.65845597045714
2579,1.68380867257503
2580,1.71842940448627
2581,1.76664537476191
2582,1.82635666209821
2583,1.89707694000692
2584,1.97011564520903
2585,2.04837619434945
2586,2.12420774480459
2587,2.19664904983181
2588,2.25821475167411
2589,2.30525054847026
2590,2.33612175952998
2591,2.34291322253912
2592,2.33006118759448
2593,2.29477326121319
2594,2.23940980127762
2595,2.16695838693938
2596,2.0735310858383
2597,1.97315570139934
2598,1.86600995139143
2599,1.75943960726703
2600,1.65614314104657
2601,1.56892946856077
2602,1.49913806120991
2603,1.44997701286974
2604,1.42214685472171
2605,1.42189096412334
2606,1.44137115825291
2607,1.47873583943459
2608,1.53672617749471
2609,1.6091299063545
2610,1.68375209913223
2611,1.75900140180413
2612,1.82758491327554
2613,1.8901966162542
2614,1.93931773972116
2615,1.97558123888703
2616,1.99638110173109
2617,2.0062850150894
2618,2.00401253368994
2619,1.99275706350879
2620,1.97694661142476
2621,1.95990717777839
2622,1.94395323774042
2623,1.93253970421393
2624,1.92654030853201
2625,1.92799817443742
2626,1.937196298412
2627,1.95586025588729
2628,1.97766598563571
2629,2.00539509074691
2630,2.03173071699786
2631,2.06081112371233
2632,2.08310596439564
2633,2.09944809201843
2634,2.10857601574511
2635,2.10518604103938
2636,2.08766766284562
2637,2.05935237198397
2638,2.01811562137381
2639,1.96173388351705
2640,1.89533356511206
2641,1.8214524741282
2642,1.7434250121781
2643,1.6570109072755
2644,1.58065862710493
2645,1.50850970537569
2646,1.4427176849855
2647,1.3920827457377
2648,1.35574681046604
2649,1.33952660000765
2650,1.34479148668734
2651,1.36845749666202
2652,1.41121879958848
2653,1.47543341149405
2654,1.54268721803227
2655,1.63316199475786
2656,1.72628445777657
2657,1.81406963620222
2658,1.89878476314051
2659,1.97816805124378
2660,2.04534797601277
2661,2.09538813216399
2662,2.13133807890171
2663,2.14978862036778
2664,2.15372666751849
2665,2.14197676595336
2666,2.12054672414685
2667,2.09107752806222
2668,2.06135669323853
2669,2.0268684298233
2670,1.99593244198345
2671,1.9735051395416
2672,1.95540984548922
2673,1.94617511855546
2674,1.94665915836941
2675,1.95102748955552
2676,1.96375519281802
2677,1.97914315838123
2678,1.9918881399568
2679,2.00447528716959
2680,2.00734698255552
2681,2.00085579479465
2682,1.98677890840465
2683,1.95689145359417
2684,1.9158512721517
2685,1.86495843785616
2686,1.80079615586497
2687,1.73363283929281
2688,1.66227378324852
2689,1.58940415925496
2690,1.52265833228654
2691,1.46965097469324
2692,1.42866543558066
2693,1.40623768667356
2694,1.40374245093996
2695,1.41451265095819
2696,1.45310013914727
2697,1.50541211882974
2698,1.57663119265988
2699,1.65932612651466
2700,1.74382031953392
2701,1.83265797728446
2702,1.91982188929038
2703,1.99668318840862
2704,2.06258857008068
2705,2.11258979227336
2706,2.14678992609803
2707,2.16085602677183
2708,2.1586623782898
2709,2.13734628439492
2710,2.10299758203016
2711,2.05218585905891
2712,1.99262351743918
2713,1.93027424893729
2714,1.86321230561454
2715,1.79577113072799
2716,1.73488493729492
2717,1.68326529488282
2718,1.63972850211526
2719,1.60780663732983
2720,1.58629054910267
2721,1.57555235914742
2722,1.57394161005643
2723,1.57984159882638
2724,1.58967669438494
2725,1.60312928974208
2726,1.61525398126583
2727,1.62617819773377
2728,1.63223238910539
2729,1.63312259239791
2730,1.62937451108757
2731,1.62048359044145
2732,1.60654377029608
2733,1.59148898612684
2734,1.57532746795046
2735,1.56105874923056
2736,1.55017417842462
2737,1.54481464842601
2738,1.54356406366924
2739,1.55312480756697
2740,1.56820483267813
2741,1.58937774478789
2742,1.61948089429348
2743,1.65672628144523
2744,1.69431813196836
2745,1.7350802314102
2746,1.77458572173111
2747,1.81333489688967
2748,1.84846177902249
2749,1.87713884770117
2750,1.89695843700482
2751,1.90818184106388
2752,1.91047335126878
2753,1.89930382784862
2754,1.8799263686737
2755,1.84713809753405
2756,1.80717248559778
2757,1.75832821550331
2758,1.69595180596364
2759,1.63818608811552
2760,1.57529221336501
2761,1.51512277202024
2762,1.45610532543771
2763,1.40473460452541
2764,1.36415139934058
2765,1.3353576876486
2766,1.32045792374667
2767,1.31834317927971
2768,1.33255884670322
2769,1.35615537957568
2770,1.39258893702165
2771,1.43592408905776
2772,1.48521893529219
2773,1.53663053963773
2774,1.58635832890177
2775,1.63154943349187
2776,1.66962103175355
2777,1.69965452189821
2778,1.72267228044146
2779,1.73646372678484
2780,1.74300917804315
2781,1.74463690481337
2782,1.74327612859457
2783,1.73942328264689
2784,1.73723473592696
2785,1.73797343923238
2786,1.74126312570574
2787,1.75040443374981
2788,1.7603595531141
2789,1.77690257358114
2790,1.7915337332678
2791,1.805706174395
2792,1.8163016757876
2793,1.82022135143696
2794,1.81865548484488
2795,1.8073813866559
2796,1.78666778730915
2797,1.75316987297946
2798,1.70856279568417
2799,1.65601002622032
2800,1.59225267722577
2801,1.53101306090033
2802,1.46081518653688
2803,1.39375381656901
2804,1.32702972627905
2805,1.26603453749156
2806,1.21422788938027
2807,1.17065522968753
2808,1.13814635976013
2809,1.11494863485321
2810,1.10224264899218
2811,1.10026315158707
2812,1.10391054745607
2813,1.11770568446556
2814,1.13504034642694
2815,1.15814091102367
2816,1.18275294596108
2817,1.2126303176429
2818,1.24323929508686
2819,1.27590738285851
2820,1.31059382882701
2821,1.34390334100625
2822,1.38206169499716
2823,1.42090295586683
2824,1.4594382805119
2825,1.49859900620613
2826,1.53881592203396
2827,1.57483913959987
2828,1.61046249802971
2829,1.63724453878437
2830,1.66009700404493
2831,1.67464917354516
2832,1.6839995707015
2833,1.6848798380202
2834,1.67648173187749
2835,1.66164801034912
2836,1.64029687461751
2837,1.61303352802472
2838,1.57888561318656
2839,1.54267898845262
2840,1.50447545818414
2841,1.46612559826912
2842,1.43118733515423
2843,1.39834218021418
2844,1.37003324928528
2845,1.34813216339561
2846,1.33291752350395
2847,1.32430172886933
2848,1.32159042317325
2849,1.32468423074925
2850,1.33198208087941
2851,1.34340323329794
2852,1.35636534918317
2853,1.36974889166805
2854,1.3824960445564
2855,1.39542275525922
2856,1.40572324741237
2857,1.41552024751742
2858,1.42380289192552
2859,1.43178411595032
2860,1.4417308138054
2861,1.45132753639424
2862,1.46513317520871
2863,1.48379058229968
2864,1.5046095306406
2865,1.53072859917315
2866,1.55995015773092
2867,1.59046518887546
2868,1.62382816992605
2869,1.65530047757353
2870,1.68375557548039
2871,1.70839652696153
2872,1.72504722450812
2873,1.73619760271746
2874,1.73595196258479
2875,1.7260194131159
2876,1.70825281723579
2877,1.68175912742407
2878,1.64543439709257
2879,1.60325616385871
2880,1.55957691257444
2881,1.51462356962596
2882,1.46713351140645
2883,1.42484504885885
2884,1.38576278938945
2885,1.3520362267931
2886,1.32486347118012
2887,1.30473429629239
2888,1.29009394016666
2889,1.28483031070091
2890,1.28428077518771
2891,1.29040263232938
2892,1.30231127374354
2893,1.31890821619194
2894,1.33946039441338
2895,1.36396856048605
2896,1.39292608180337
2897,1.42565742330967
2898,1.46015244934087
2899,1.4975040966669
2900,1.53561203705405
2901,1.5726441985318
2902,1.60817126642015
2903,1.64041343022165
2904,1.66892552231785
2905,1.69180249600007
2906,1.70759226889928
2907,1.71682006696023
2908,1.72020502782031
2909,1.71729112057876
2910,1.70861168305997
2911,1.69836122891935
2912,1.68659645936843
2913,1.67714078382153
2914,1.66957747076206
2915,1.6693459469775
2916,1.67470231113214
2917,1.6879898822427
2918,1.7072358412973
2919,1.73144307815729
2920,1.76003955064944
2921,1.79149447434866
2922,1.81924347183825
2923,1.84157164237384
2924,1.85847964785148
2925,1.86306786473019
2926,1.85524304172307
2927,1.83869425391473
2928,1.80529086432418
2929,1.76406858149505
2930,1.71733357499679
2931,1.66903837910054
2932,1.62017209536425
2933,1.57984047408726
2934,1.55067549897786
2935,1.53881626861484
2936,1.54315559774882
2937,1.56963737655075
2938,1.61665437914285
2939,1.6811056030886
2940,1.76106186833346
2941,1.85265324171193
2942,1.94880483241387
2943,2.04255468744914
2944,2.13372225671025
2945,2.20963365257187
2946,2.27088374692566
2947,2.31155249193847
2948,2.33312472976738
2949,2.32903541887876
2950,2.30556877909011
2951,2.26442507256156
2952,2.20979463556891
2953,2.14446438815822
2954,2.07370194345911
2955,2.00132706958252
2956,1.93469860152605
2957,1.8766996159342
2958,1.82972658187144
2959,1.79587327555954
2960,1.77740276274028
2961,1.77330587291769
2962,1.78133733180992
2963,1.79896574820937
2964,1.82334607015001
2965,1.84959912221966
2966,1.87459446471564
2967,1.89424795141535
2968,1.90619845094921
2969,1.9031682058453
2970,1.8899982070867
2971,1.8645883232968
2972,1.82964042271115
2973,1.78776921336646
2974,1.73442555478939
2975,1.68563814274474
2976,1.63674778246525
2977,1.59679712994315
2978,1.56872800725378
2979,1.55290884975924
2980,1.55593013438016
2981,1.5747745162255
2982,1.60249579575591
2983,1.65296403532734
2984,1.71032104173382
2985,1.7757852989688
2986,1.84588905492737
2987,1.91226796907345
2988,1.97434477208261
2989,2.0295275515027
2990,2.06980995701789
2991,2.09763814597097
2992,2.11245847677131
2993,2.11017523192265
2994,2.09149298293725
2995,2.06399864732267
2996,2.02535931592206
2997,1.97452678159466
2998,1.91982670394389
2999,1.86068213479609
3000,1.80520560963154
3001,1.74997035374621
3002,1.69917929362919
3003,1.65519673267823
3004,1.62127478745701
3005,1.59592976999946
3006,1.58212484111979
3007,1.58041304010597
3008,1.58741178516005
3009,1.60598046640124
3010,1.63169013030065
3011,1.66701215251948
3012,1.7070891695297
3013,1.7493305841757
3014,1.79333098137524
3015,1.83338171703099
3016,1.86876260661447
3017,1.89800949429357
3018,1.91581795956227
3019,1.92407443687326
3020,1.922991869753
3021,1.90906167539487
3022,1.88583666847496
3023,1.85642343081114
3024,1.82005497493512
3025,1.78871786945798
3026,1.76384283660804
3027,1.75210155654257
3028,1.74749085174628
3029,1.76617430901173
3030,1.80097569950455
3031,1.8523228837719
3032,1.92382200450176
3033,2.01050893999264
3034,2.1012431814101
3035,2.20273277826954
3036,2.29305574272487
3037,2.37857435814378
3038,2.44980442061632
3039,2.50134951479518
3040,2.5272181536079
3041,2.52551544985419
3042,2.49610635203304
3043,2.44115635178229
3044,2.3680563767776
3045,2.27691831500406
3046,2.17610581647168
3047,2.07012000120947
3048,1.974538326514
3049,1.89053785411004
3050,1.82927880049189
3051,1.78768352280901
3052,1.77515149253875
3053,1.78547028293359
3054,1.82583133321793
3055,1.88609930490294
3056,1.96064426539691
3057,2.04574401792517
3058,2.13175075623127
3059,2.21016146966402
3060,2.27641274570587
3061,2.32498166879961
3062,2.35086786014275
3063,2.35346777020374
3064,2.33661049635432
3065,2.29328084044341
3066,2.23672989260382
3067,2.1695281702923
3068,2.09822421504774
3069,2.02288323628275
3070,1.95942898701873
3071,1.90394584418117
3072,1.86478464779692
3073,1.843228466016
3074,1.83821755725031
3075,1.85045502763475
3076,1.87674748614543
3077,1.91507054339512
3078,1.9574289447619
3079,2.0028642738565
3080,2.04299083000517
3081,2.07892533074376
3082,2.10004528496635
3083,2.10690741705708
3084,2.09583225567245
3085,2.07218294940142
3086,2.03028581006618
3087,1.97028220029263
3088,1.90651731625357
3089,1.83671456810526
3090,1.76249219913107
3091,1.69174061630424
3092,1.63129217982525
3093,1.57994693280194
3094,1.5421508439876
3095,1.52133209109048
3096,1.51355538506608
3097,1.52194876400703
3098,1.54578446891056
3099,1.57807065407856
3100,1.61967500921606
3101,1.66685434045782
3102,1.71551118991405
3103,1.76269874712365
3104,1.80512122759758
3105,1.84130239798503
3106,1.87017047399839
3107,1.88946748064712
3108,1.89944016771656
3109,1.89979134906505
3110,1.89162557524404
3111,1.87674522605663
3112,1.85569572732986
3113,1.82762492859176
3114,1.79788641983537
3115,1.76667770330977
3116,1.7379958276934
3117,1.70767841596282
3118,1.68328117996766
3119,1.66239420806898
3120,1.64770313279703
3121,1.63985465111932
3122,1.64168708723637
3123,1.65165583313502
3124,1.66998075565236
3125,1.69396139383922
3126,1.72808653644437
3127,1.76479501069514
3128,1.80730119138593
3129,1.84908095956014
3130,1.8875991747786
3131,1.91877242865897
3132,1.94269967811104
3133,1.95537791002916
3134,1.9513228411446
3135,1.93618932204327
3136,1.90524507592548
3137,1.8674432406368
3138,1.81908727096584
3139,1.76435631430331
3140,1.71061038909669
3141,1.6606799468712
3142,1.62640810324132
3143,1.60363341941098
3144,1.60002666951243
3145,1.62602779147993
3146,1.66625083281515
3147,1.73583026470728
3148,1.81648209380339
3149,1.91198109263794
3150,2.01687942861618
3151,2.12380783212742
3152,2.22061996948361
3153,2.3033176640513
3154,2.36911302165338
3155,2.40921538306685
3156,2.42580780019377
3157,2.41606270327413
3158,2.38066765037838
3159,2.32350070571999
3160,2.25430063604843
3161,2.17351999015328
3162,2.08840211158666
3163,2.00627369536434
3164,1.93414104123161
3165,1.87520427860444
3166,1.83032329150481
3167,1.80443605640534
3168,1.79592505591326
3169,1.80331465072114
3170,1.82250327029667
3171,1.84949974725501
3172,1.87632504155083
3173,1.90222023336358
3174,1.91978397510988
3175,1.92681273650594
3176,1.92000646083038
3177,1.89944858957841
3178,1.86175347080857
3179,1.81279044151519
3180,1.7582586518294
3181,1.69618435622954
3182,1.63530349886301
3183,1.57836529438692
3184,1.53116898124393
3185,1.49698180477556
3186,1.4752170249008
3187,1.46843834337407
3188,1.47687208749673
3189,1.49715504354251
3190,1.52583908081819
3191,1.55918039873175
3192,1.59513429926565
3193,1.63045005489961
3194,1.66093242582545
3195,1.68239778245984
3196,1.69550674654536
3197,1.69857034626876
3198,1.69158082097261
3199,1.67521222058036
3200,1.65039852640512
3201,1.62265760230871
3202,1.59182677969837
3203,1.55976022727947
3204,1.52994696664015
3205,1.50300953394361
3206,1.48119453921829
3207,1.46359773691242
3208,1.45046057107188
3209,1.44111714435044
3210,1.43529265815363
3211,1.4304793953251
3212,1.42616207877904
3213,1.42130877429817
3214,1.41586518980866
3215,1.40878708509123
3216,1.4014279218624
3217,1.39469635256719
3218,1.38855612315754
3219,1.38227126988948
3220,1.37634888240059
3221,1.37201165164497
3222,1.37087713220349
3223,1.37333294952837
3224,1.38087064505852
3225,1.39146560210832
3226,1.40565261748001
3227,1.42479800697932
3228,1.44398579541579
3229,1.46257541596076
3230,1.47966280562691
3231,1.49495032795242
3232,1.50520459661094
3233,1.51279100342556
3234,1.51659784075097
3235,1.51850616454131
3236,1.51926857921662
3237,1.52090082526916
3238,1.52599355836052
3239,1.53521659141438
3240,1.55226644650639
3241,1.57633354999952
3242,1.60730245038003
3243,1.6437552603795
3244,1.68734686108982
3245,1.72934947214266
3246,1.77290926844734
3247,1.81034325323072
3248,1.8412856292046
3249,1.8614722574127
3250,1.86823811385597
3251,1.86183751924079
3252,1.83804910006602
3253,1.80052502035026
3254,1.75497947223497
3255,1.69918259203502
3256,1.63683108946542
3257,1.58023634801122
3258,1.52450333725099
3259,1.47924737555006
3260,1.44594842037499
3261,1.42560617610026
3262,1.42225298008223
3263,1.43399553768016
3264,1.45791798991673
3265,1.49169999479584
3266,1.53252642301538
3267,1.57620664285217
3268,1.61643292010617
3269,1.65118345074007
3270,1.6772699370537
3271,1.69378503322674
3272,1.69864676678105
3273,1.69435472943654
3274,1.6814523369342
3275,1.66261513398393
3276,1.64255850310001
3277,1.62188895945116
3278,1.60425366129678
3279,1.59161539110976
3280,1.5852324479425
3281,1.58517364519399
3282,1.59028030142276
3283,1.59877271388578
3284,1.60959111651999
3285,1.62052400344441
3286,1.62581019338501
3287,1.62585142875134
3288,1.61828011648789
3289,1.60379340628224
3290,1.58213309014765
3291,1.55294701765059
3292,1.52058357524089
3293,1.48719990965039
3294,1.45570270744313
3295,1.42971922195041
3296,1.41412045114758
3297,1.40775111334941
3298,1.41412801390629
3299,1.43253053922344
3300,1.46201356293259
3301,1.49874403398825
3302,1.54199517427554
3303,1.58410021124693
3304,1.62425952903781
3305,1.65992286863091
3306,1.685114351095
3307,1.70079555757122
3308,1.70503639413432
3309,1.69938639547218
3310,1.68558946069896
3311,1.66336422829208
3312,1.64243707852952
3313,1.62270994020583
3314,1.61300977697227
3315,1.61059855217931
3316,1.61957678169902
3317,1.64771684293081
3318,1.68729815487712
3319,1.74009941967013
3320,1.80469781830371
3321,1.872102575695
3322,1.94649054055328
3323,2.01271995701492
3324,2.07105672019093
3325,2.12031263046191
3326,2.15059690042164
3327,2.16342662884118
3328,2.15556946111262
3329,2.13090763417995
3330,2.08991847311411
3331,2.03122155248972
3332,1.96720078304774
3333,1.89805665365216
3334,1.82847930572952
3335,1.76612123298653
3336,1.71147960120256
3337,1.67113719449428
3338,1.64304017385876
3339,1.63119353473841
3340,1.63215508698356
3341,1.64424507247598
3342,1.66632994581488
3343,1.69111499458759
3344,1.71623850177087
3345,1.73879399264252
3346,1.75227622570036
3347,1.75717348360076
3348,1.75261906159883
3349,1.73327424089492
3350,1.70907827750228
3351,1.67419743734476
3352,1.63999445170124
3353,1.60432490128643
3354,1.57406043145813
3355,1.55559007024056
3356,1.54646078819388
3357,1.55124036599298
3358,1.57120478979
3359,1.60911200602573
3360,1.65567826651145
3361,1.71048262794059
3362,1.76721294438605
3363,1.82672725258856
3364,1.87882930507187
3365,1.9224949560576
3366,1.95349003051739
3367,1.96993018611618
3368,1.96930293221525
3369,1.95060308924876
3370,1.91820173934695
3371,1.87130276597347
3372,1.81458890882773
3373,1.75157497477915
3374,1.68313806568414
3375,1.61530289641272
3376,1.54725185596607
3377,1.48577972403605
3378,1.4284208789347
3379,1.38184376123534
3380,1.34070577038056
3381,1.3065952600928
3382,1.28014621527848
3383,1.26129099653667
3384,1.24771727556175
3385,1.24173583298955
3386,1.24230735562761
3387,1.24716846991825
3388,1.26242208943482
3389,1.28477301117342
3390,1.31219493974275
3391,1.34237714207281
3392,1.38360713491128
3393,1.43063296068861
3394,1.48082018058759
3395,1.53619559573052
3396,1.58847387151094
3397,1.64031236628909
3398,1.6872749403634
3399,1.72646108859761
3400,1.75709897415405
3401,1.77561135602092
3402,1.78512403797835
3403,1.78377116174749
3404,1.77594165126391
3405,1.76430591234596
3406,1.75166812027784
3407,1.73988982470233
3408,1.7360698456563
3409,1.74249362285758
3410,1.76311371928624
3411,1.79463102293163
3412,1.84028873323055
3413,1.89840266260923
3414,1.9604215610903
3415,2.0286739538889
3416,2.0931711208636
3417,2.1510154367066
3418,2.19692758944246
3419,2.22543380615983
3420,2.2348856397831
3421,2.21940951283441
3422,2.18464967210662
3423,2.13217428581083
3424,2.06323347819385
3425,1.97898670633886
3426,1.89682361078372
3427,1.81819663209301
3428,1.74743366072131
3429,1.69505890236444
3430,1.66434604952237
3431,1.65430113027958
3432,1.67712665263898
3433,1.71780501656454
3434,1.7777593522501
3435,1.86129377777756
3436,1.94860495797858
3437,2.04289538395401
3438,2.12674476841051
3439,2.20192418896438
3440,2.25932613337933
3441,2.29876206444461
3442,2.3116538048793
3443,2.30293709063209
3444,2.2732727719925
3445,2.2266144833547
3446,2.16699503269046
3447,2.10318170823863
3448,2.0385800101072
3449,1.97679839624808
3450,1.92811056921245
3451,1.89110919325827
3452,1.86816191523381
3453,1.86190497001703
3454,1.86741659348074
3455,1.88522201895355
3456,1.91172657263359
3457,1.94091073229006
3458,1.96773355145348
3459,1.98789285422475
3460,1.99925460203093
3461,1.99453724992162
3462,1.97503486040213
3463,1.93611304649677
3464,1.88470245395719
3465,1.81855392411899
3466,1.74531093720532
3467,1.66949163953992
3468,1.59416712112825
3469,1.52699307835037
3470,1.47209891688166
3471,1.43234381590145
3472,1.40939041923415
3473,1.40870005520474
3474,1.42527896027752
3475,1.45796724498802
3476,1.50442724637422
3477,1.56016534299741
3478,1.61868989188094
3479,1.6773678900507
3480,1.73185032302154
3481,1.775231758864
3482,1.81053435678912
3483,1.83223986624569
3484,1.84114905084421
3485,1.83610487964767
3486,1.82051852847244
3487,1.79760997946244
3488,1.76583591464996
3489,1.72906647653815
3490,1.68927770258995
3491,1.64921225264456
3492,1.6072671848813
3493,1.56792752800174
3494,1.53401382586277
3495,1.49984476601907
3496,1.46843880644742
3497,1.4388025894355
3498,1.41248077120189
3499,1.38768835358117
3500,1.36536324555192
3501,1.34597938556481
3502,1.32888343046997
3503,1.31877016062105
3504,1.31347854273876
3505,1.31636426337495
3506,1.33054899146621
3507,1.35061923605408
3508,1.38194886642074
3509,1.42159223036683
3510,1.46390870614886
3511,1.51047282031197
3512,1.55753293410452
3513,1.60084403402414
3514,1.63873271739335
3515,1.66899743171354
3516,1.68866921689267
3517,1.70021624108952
3518,1.70269273620835
3519,1.70274515958727
3520,1.70031489599785
3521,1.69683846570581
3522,1.69757068670819
3523,1.71500784555067
3524,1.73896983910398
3525,1.77531570813284
3526,1.82896271061246
3527,1.89373852934178
3528,1.96583351652203
3529,2.04761643367045
3530,2.12660918278461
3531,2.20135651945126
3532,2.26524959732004
3533,2.31290960951541
3534,2.34271451100797
3535,2.34640971952428
3536,2.32794273712509
3537,2.28384765780772
3538,2.22108112646256
3539,2.13734292326421
3540,2.04674510367518
3541,1.94571692141152
3542,1.84621602487517
3543,1.75292890067588
3544,1.67669042561311
3545,1.61691792946465
3546,1.57389268322028
3547,1.55320696627634
3548,1.55439483506559
3549,1.57159869517774
3550,1.6046489870398
3551,1.6449446368557
3552,1.69005745866304
3553,1.7325138175983
3554,1.76810791136065
3555,1.79282470900287
3556,1.80593809894012
3557,1.80448840907346
3558,1.79149019571688
3559,1.77082463958476
3560,1.74451755821661
3561,1.71520549656191
3562,1.69157225925848
3563,1.67341870655602
3564,1.66439221827631
3565,1.67074425900543
3566,1.68920337350097
3567,1.71796016518699
3568,1.75678514416063
3569,1.80247716989739
3570,1.8523046114309
3571,1.89529883827716
3572,1.93636132853391
3573,1.96523784050711
3574,1.97814860916903
3575,1.97797179641795
3576,1.95679014982593
3577,1.92311858656984
3578,1.87305150757016
3579,1.80850049016043
3580,1.73924045254697
3581,1.6615363343738
3582,1.59040005253793
3583,1.51959843763143
3584,1.45817267893933
3585,1.40791699138408
3586,1.3711134253449
3587,1.34876135341939
3588,1.33837993227728
3589,1.34107098662657
3590,1.35276002780956
3591,1.37107798155907
3592,1.39258597283418
3593,1.41431903316549
3594,1.43296711167107
3595,1.44807079043686
3596,1.45940562618992
3597,1.46493443788331
3598,1.46871266936439
3599,1.46984485952153
3600,1.47404884307408
3601,1.48080556373062
3602,1.49235659601091
3603,1.51148795174737
3604,1.53718240344248
3605,1.56974977642306
3606,1.60957671021344
3607,1.65359317523413
3608,1.69723172485958
3609,1.73732810012203
3610,1.77354652976284
3611,1.80001247844965
3612,1.81493877395825
3613,1.81716670373602
3614,1.80500309801155
3615,1.78293061847358
3616,1.74690423785645
3617,1.70589119247281
3618,1.65802020673351
3619,1.61140846310004
3620,1.56855146440603
3621,1.53177810010145
3622,1.50651617054562
3623,1.48989681841203
3624,1.48789889268857
3625,1.49477942930109
3626,1.51128012578793
3627,1.53352617863532
3628,1.55919803847059
3629,1.58208651545817
3630,1.60318606263743
3631,1.61621646807252
3632,1.61954328531108
3633,1.61444703683437
3634,1.6020568846328
3635,1.58177284954885
3636,1.55963941715132
3637,1.53575963970112
3638,1.51967978084331
3639,1.50816461674973
3640,1.50814211092796
3641,1.52351490661929
3642,1.55060810173062
3643,1.5897366462834
3644,1.63789065044119
3645,1.6937160069788
3646,1.7519599065993
3647,1.80745200281242
3648,1.85639386564872
3649,1.89649149850902
3650,1.9201576414777
3651,1.92871921287343
3652,1.92322623649931
3653,1.89896850080072
3654,1.86185214860968
3655,1.81398974189294
3656,1.75543061440555
3657,1.69665831650714
3658,1.63705999666164
3659,1.57837349984197
3660,1.52481586030001
3661,1.47718601195116
3662,1.43778503624771
3663,1.40516874011639
3664,1.37917071895975
3665,1.35796351091674
3666,1.3389650227866
3667,1.32238981691168
3668,1.30675978635123
3669,1.28962814298192
3670,1.2701017568272
3671,1.25168003477884
3672,1.23451152098877
3673,1.22241606436634
3674,1.21751189230912
3675,1.21892977136302
3676,1.23429191796924
3677,1.2613723982637
3678,1.30098117495146
3679,1.35789408102791
3680,1.4191028520568
3681,1.49480732997252
3682,1.57496682219245
3683,1.6525475487625
3684,1.73086717890428
3685,1.80091417981239
3686,1.85842616268939
3687,1.90690129202275
3688,1.93769152887407
3689,1.95411872699498
3690,1.95818521175503
3691,1.94839863841294
3692,1.93128484461273
3693,1.90730810770228
3694,1.88291990712671
3695,1.85862951554863
3696,1.84079417018628
3697,1.83127157435285
3698,1.8290165806515
3699,1.83589667633601
3700,1.85171125767643
3701,1.87177396097066
3702,1.89490501828529
3703,1.92033514583443
3704,1.93708049780748
3705,1.94791090445298
3706,1.94529305464193
3707,1.9325626702475
3708,1.90165774144478
3709,1.85912068493228
3710,1.80388842769426
3711,1.73911433408026
3712,1.67311473405844
3713,1.60914429855278
3714,1.55544782705599
3715,1.51322463396696
3716,1.49237339700166
3717,1.4926787363958
3718,1.51655728625979
3719,1.56979827769993
3720,1.63902968467686
3721,1.73146637119502
3722,1.83034761696925
3723,1.9360482389352
3724,2.03852426778254
3725,2.13157869037834
3726,2.21198314222472
3727,2.27349774663342
3728,2.30651673492705
3729,2.31735380602289
3730,2.30386092357817
3731,2.27078005336407
3732,2.22345866575497
3733,2.15923164878062
3734,2.09069394531872
3735,2.02412583892402
3736,1.96418014678715
3737,1.91324709338168
3738,1.87708407516331
3739,1.85637451203322
3740,1.8504691688744
3741,1.85849521249585
3742,1.8745983215062
3743,1.89595646378042
3744,1.92069633009235
3745,1.93915468000791
3746,1.94923304342453
3747,1.94854507504982
3748,1.93358679739896
3749,1.90377870676061
3750,1.8519298810983
3751,1.7950131453904
3752,1.72875722143976
3753,1.6580962729579
3754,1.58617332190374
3755,1.52000456616315
3756,1.46399109160059
3757,1.42170015879844
3758,1.39197168914292
3759,1.37902109404272
3760,1.38106765319914
3761,1.39820717057347
3762,1.42356161298414
3763,1.4598450500736
3764,1.49926923509487
3765,1.53878278144136
3766,1.5788926270932
3767,1.612871687283
3768,1.64371442857787
3769,1.66706227206523
3770,1.6858263963219
3771,1.69824365447919
3772,1.70671777128053
3773,1.71141108153863
3774,1.71215498140566
3775,1.71141142015328
3776,1.70614771979149
3777,1.6983957338773
3778,1.68694855765487
3779,1.67119731696774
3780,1.65271619544455
3781,1.62964157533968
3782,1.60290534954763
3783,1.57230819838543
3784,1.54158459561349
3785,1.51144144930475
3786,1.48497037746305
3787,1.46290622968558
3788,1.45005111374212
3789,1.44944518374303
3790,1.46024303876357
3791,1.48725707121417
3792,1.52711031888805
3793,1.57550322482017
3794,1.63812105268835
3795,1.70787653553994
3796,1.77919761398284
3797,1.84531310314926
3798,1.90811839826989
3799,1.96095777081167
3800,1.99992327459434
3801,2.02582177291673
3802,2.03577926046405
3803,2.0309000084999
3804,2.01637490595073
3805,1.99706044616063
3806,1.97334364207015
3807,1.9510086984531
3808,1.93677372821511
3809,1.93530633270325
3810,1.94737262392062
3811,1.97272333977023
3812,2.01878255869459
3813,2.07189909500623
3814,2.14319399210372
3815,2.2173664997094
3816,2.29669004689623
3817,2.36646640092226
3818,2.42745490746999
3819,2.46937172128343
3820,2.48616684428337
3821,2.48242755099852
3822,2.45527966412031
3823,2.39850459859843
3824,2.31490345335155
3825,2.21367538436019
3826,2.10421885275531
3827,1.99115892535974
3828,1.87437981241921
3829,1.76599253821745
3830,1.68519171393639
3831,1.62668034086353
3832,1.5964097372062
3833,1.59913109442613
3834,1.63514076230936
3835,1.69698496363804
3836,1.78484392301739
3837,1.886337043823
3838,1.99438237164807
3839,2.10292068052113
3840,2.20550820211017
3841,2.29015820193963
3842,2.34886910870728
3843,2.38547377847456
3844,2.39574161470373
3845,2.37897686808266
3846,2.342460818779
3847,2.29120938376033
3848,2.23151416796739
3849,2.16383473439368
3850,2.10270378580865
3851,2.04912853838286
3852,2.00974553526095
3853,1.98592312670018
3854,1.97996339412172
3855,1.98898138668027
3856,2.01097043670859
3857,2.04267080863777
3858,2.07864406371716
3859,2.11431950849683
3860,2.14352737462024
3861,2.16132875776627
3862,2.16026273585062
3863,2.14692832301863
3864,2.10657900833924
3865,2.05066635171843
3866,1.982007882484
3867,1.89819559754472
3868,1.80168048263515
3869,1.70464362522767
3870,1.61085497519401
3871,1.52034328947386
3872,1.44165997807966
3873,1.37298028096098
3874,1.32172999166325
3875,1.28489660388782
3876,1.2647286576836
3877,1.25895320709121
3878,1.26497768668659
3879,1.28188105240243
3880,1.30956049518234
3881,1.34267868726995
3882,1.38138639433565
3883,1.42318811496969
3884,1.46625510672367
3885,1.51350879605242
3886,1.56015274923087
3887,1.60886132560595
3888,1.65467199833313
3889,1.70093565892396
3890,1.74528180470362
3891,1.78376884922075
3892,1.81923160201462
3893,1.8455043872665
3894,1.86440037803016
3895,1.87508986260024
3896,1.87688502865362
3897,1.86971511882604
3898,1.85636068537969
3899,1.83510053200523
3900,1.8139037973482
3901,1.79024288652406
3902,1.77132695427346
3903,1.75599650401132
3904,1.75031646946773
3905,1.75322238230263
3906,1.76630210817813
3907,1.79062839612614
3908,1.82078572189448
3909,1.8597389321117
3910,1.89927438673154
3911,1.93847719469942
3912,1.97031848135082
3913,1.99651057214461
3914,2.00615497058149
3915,2.00253706197771
3916,1.98489257157155
3917,1.95412365423616
3918,1.90797499863281
3919,1.85731308777481
3920,1.8034192420688
3921,1.75196289878796
3922,1.71013711824413
3923,1.67974444883557
3924,1.66492676194185
3925,1.67652252365682
3926,1.70777483931322
3927,1.76418057468062
3928,1.8370343288334
3929,1.92185735422416
3930,2.01651430052603
3931,2.11749510754426
3932,2.21093898758613
3933,2.29291892132467
3934,2.35607288155528
3935,2.40019962436572
3936,2.41416530676623
3937,2.40530512337303
3938,2.37149295181913
3939,2.30748782444476
3940,2.23042899228048
3941,2.1403772544682
3942,2.04210821928791
3943,1.94693824378689
3944,1.85349832216591
3945,1.77815028536343
3946,1.71825537254892
3947,1.67978905293183
3948,1.66512438423236
3949,1.6687645120447
3950,1.69331551620694
3951,1.73560072251802
3952,1.7843197441885
3953,1.84013697297048
3954,1.8913688562362
3955,1.93845394162477
3956,1.97153463921597
3957,1.98862570243852
3958,1.98971027286006
3959,1.97272861102921
3960,1.94324103130966
3961,1.90135177870127
3962,1.85231529629525
3963,1.79829254064538
3964,1.74945433051563
3965,1.70696328709518
3966,1.67375917710571
3967,1.65329275164888
3968,1.64690113922489
3969,1.65206537323573
3970,1.66736635199523
3971,1.6917674981188
3972,1.7200570416915
3973,1.74628782076988
3974,1.77069384957788
3975,1.78486803265541
3976,1.78886713799954
3977,1.78160516689425
3978,1.75928581409887
3979,1.72561923512202
3980,1.68309847922992
3981,1.63382579367098
3982,1.58128200139387
3983,1.52217975847484
3984,1.467583896431
3985,1.41630779902143
3986,1.3709419611284
3987,1.33302796431191
3988,1.3038796451763
3989,1.28091012418777
3990,1.26317783386295
3991,1.25273324831723
3992,1.24633162702891
3993,1.24540443652509
3994,1.24718403249519
3995,1.25269690014575
3996,1.2567890425124
3997,1.26273675715526
3998,1.26992906700438
3999,1.28210283197089
4000,1.29932574612736
4001,1.32572063882841
4002,1.36018175181741
4003,1.40169851534928
4004,1.4533750300778
4005,1.51157646712931
4006,1.57613475875029
4007,1.6375845459814
4008,1.69891719732254
4009,1.75452760302626
4010,1.80312372269577
4011,1.83967176796296
4012,1.86381375235584
4013,1.87609231467678
4014,1.87756945062468
4015,1.86844564663214
4016,1.85310457670504
4017,1.83406990156232
4018,1.81568781980216
4019,1.79875857721504
4020,1.78642480218465
4021,1.78173017666918
4022,1.7860189608965
4023,1.79600382553953
4024,1.81202143410375
4025,1.83020388496435
4026,1.84914341298832
4027,1.86388481596822
4028,1.87260018530849
4029,1.86897435831591
4030,1.85762597226829
4031,1.82811663534017
4032,1.78874556120165
4033,1.73673034276266
4034,1.67686576921401
4035,1.6080304747435
4036,1.53970082940358
4037,1.47357095469684
4038,1.41567423350859
4039,1.37115541791999
4040,1.34017793920946
4041,1.32763437249212
4042,1.33606510869118
4043,1.35955816904499
4044,1.39741465627591
4045,1.45070099350383
4046,1.50747120928232
4047,1.57176573981307
4048,1.63056916281425
4049,1.68422332048375
4050,1.73015975555618
4051,1.76327599688846
4052,1.78347674471104
4053,1.78880934325264
4054,1.7833282556582
4055,1.7661050286606
4056,1.73944975439102
4057,1.70720428715992
4058,1.67224058335015
4059,1.63679155228185
4060,1.60693484732382
4061,1.57625848185893
4062,1.55338612204964
4063,1.53353569534697
4064,1.51929365235451
4065,1.50884619438966
4066,1.50010998058417
4067,1.49134635311059
4068,1.48313860570741
4069,1.47288796380328
4070,1.4596394521633
4071,1.44371268591942
4072,1.42535981814635
4073,1.40605360034295
4074,1.38770795851962
4075,1.37039962068223
4076,1.35809180174498
4077,1.3523832705859
4078,1.35149480099485
4079,1.3602090057065
4080,1.37454111921918
4081,1.39641247945211
4082,1.42405463519948
4083,1.45276387751493
4084,1.48167623035541
4085,1.50946007636091
4086,1.53230673387436
4087,1.54897245438744
4088,1.55668270299771
4089,1.55700604273149
4090,1.55040400320677
4091,1.53479876287897
4092,1.51856794691329
4093,1.49966854213756
4094,1.48353798464616
4095,1.47145144136833
4096,1.46822375083648
4097,1.47478670497049
4098,1.49039350155357
4099,1.51819666244075
4100,1.55843348478599
