1,1.72940291548835
2,1.73001359334706
3,1.72721998772636
4,1.72748229212602
5,1.72692463196834
6,1.72679219411053
7,1.72342383873718
8,1.72725495026653
9,1.72671149783624
10,1.72469977069217
11,1.7268164171915
12,1.72815554060739
13,1.72571206098997
14,1.72314338903088
15,1.72461579908053
16,1.72777538853827
17,1.72581043743415
18,1.72628156120578
19,1.72484006413662
20,1.72571550993559
21,1.73542583572157
22,1.74460662306478
23,1.74443917453073
24,1.74678440561555
25,1.73551551536562
26,1.73061954542445
27,1.71340552408765
28,1.69479377540061
29,1.67243311887578
30,1.64511974383659
31,1.61942932942463
32,1.59060165780662
33,1.56248213407927
34,1.53556146106327
35,1.51482817556695
36,1.49679201359219
37,1.4818745506963
38,1.47448932547139
39,1.4678324125767
40,1.47390202303717
41,1.4781525543884
42,1.49084993193646
43,1.50608582822333
44,1.52178113066083
45,1.54240775262489
46,1.56576966558791
47,1.5876919170321
48,1.6099613720228
49,1.63045561339022
50,1.65250731085315
51,1.66807776712713
52,1.6844023258006
53,1.70262462909954
54,1.71608451688851
55,1.72688053788934
56,1.73792450224312
57,1.74518297573154
58,1.75450777759992
59,1.75972050484463
60,1.76696427236693
61,1.76891281376153
62,1.77165215959153
63,1.77162246457714
64,1.76824950523324
65,1.76564011661063
66,1.76340056489108
67,1.75866275511825
68,1.7536503822188
69,1.74473410665276
70,1.73387916513591
71,1.72636086971953
72,1.71788190393666
73,1.71008549952826
74,1.70201653583515
75,1.69086859968061
76,1.67509604284421
77,1.6667764734837
78,1.65624655735054
79,1.64762065485303
80,1.64218569114779
81,1.63705504806755
82,1.63838321257093
83,1.64313420323943
84,1.65139391429472
85,1.66420500432761
86,1.67996414137904
87,1.70220246619025
88,1.73221465049845
89,1.75457019331043
90,1.79223981827211
91,1.82974620236874
92,1.8640756647425
93,1.89964435757105
94,1.93381590988096
95,1.96446722786165
96,1.99253981435522
97,2.01611658146573
98,2.03279241874114
99,2.0434309665491
100,2.05043743685282
101,2.04908530773841
102,2.04594226891545
103,2.03851219679669
104,2.02507295527963
105,2.01151873043185
106,2.00008007789466
107,1.98383281098487
108,1.97519462746646
109,1.96469952224179
110,1.95920246196966
111,1.95345961924028
112,1.94998501485706
113,1.94900850834624
114,1.95321380089419
115,1.95333146214509
116,1.95608007812795
117,1.95577515285844
118,1.95298552490351
119,1.94815225478239
120,1.9390109760084
121,1.92733737388456
122,1.91607854431592
123,1.89635120628778
124,1.88032969891817
125,1.86653184707484
126,1.8470208143109
127,1.83220047140904
128,1.82588008396865
129,1.82348403705733
130,1.82609008518218
131,1.83585707734099
132,1.85969570115165
133,1.88013674896324
134,1.90833335739185
135,1.94726236499701
136,1.97773336674421
137,2.00562137818761
138,2.03753230973934
139,2.06109540268955
140,2.07723923370374
141,2.0859462852884
142,2.08810746340925
143,2.07670150940905
144,2.06500433198532
145,2.0341935766981
146,2.00939119211298
147,1.97331933041144
148,1.93487007696171
149,1.90273834188241
150,1.86610821420813
151,1.83275445515236
152,1.80226913293388
153,1.77844884222005
154,1.75834337099165
155,1.74721351547638
156,1.73939900632534
157,1.7383150979108
158,1.73667947685323
159,1.74144848441971
160,1.75288225563018
161,1.76227903549467
162,1.77359120728885
163,1.78643587154914
164,1.79953635345648
165,1.8088718502877
166,1.82103658542228
167,1.83165465736831
168,1.84099659378876
169,1.84696449369355
170,1.85460527900589
171,1.86321288908392
172,1.87560059102958
173,1.87755696259506
174,1.89029159551889
175,1.90185115500788
176,1.91229907999221
177,1.92332472834003
178,1.93590037969983
179,1.95632079392015
180,1.97210814285615
181,1.98649145582653
182,2.00457077786889
183,2.01651090350988
184,2.02906949835085
185,2.04168226567885
186,2.05197856845458
187,2.05693676410172
188,2.055852521973
189,2.05423680654455
190,2.04332366668046
191,2.03138289183812
192,2.01370242141349
193,1.99502255422146
194,1.97261548381349
195,1.94516123731954
196,1.92379786169913
197,1.8990402531649
198,1.88300645122037
199,1.86537280266612
200,1.85690757847004
201,1.85697032477992
202,1.85680774082356
203,1.86905760835724
204,1.8890188021378
205,1.91251085574851
206,1.9416136569548
207,1.97400225819643
208,2.00587222615814
209,2.04464519619928
210,2.07483159092016
211,2.10382579389849
212,2.1219543721735
213,2.14338539869994
214,2.15810692999879
215,2.16340289518929
216,2.1635120640946
217,2.15885247312634
218,2.14655190238801
219,2.14105215250932
220,2.13159629635681
221,2.11894550626318
222,2.10614438403271
223,2.10328157253102
224,2.10057214001799
225,2.10108556311418
226,2.10487493702809
227,2.1036491055037
228,2.11018316644872
229,2.11819806368759
230,2.11915033901509
231,2.11233844778147
232,2.11537221938952
233,2.10063492685987
234,2.08306854028067
235,2.05746542454235
236,2.02677009543437
237,1.99227432598439
238,1.94637237732232
239,1.90427938094132
240,1.86007778768728
241,1.82079116669946
242,1.78465659910254
243,1.75766051001717
244,1.73538293815807
245,1.72042430809615
246,1.71600572011478
247,1.71597173809859
248,1.73543210855486
249,1.76176172534254
250,1.78630251205058
251,1.81811253515352
252,1.85236710417061
253,1.89000178899767
254,1.92227449259809
255,1.94849368433597
256,1.96991054702364
257,1.9797601944278
258,1.98548653510076
259,1.98162043088632
260,1.97246460301387
261,1.95906045794446
262,1.93890663305992
263,1.9180306668693
264,1.89743688820448
265,1.87185415776629
266,1.84842498207249
267,1.82937943261722
268,1.80952659809306
269,1.79055696866796
270,1.77775131746497
271,1.76296710188077
272,1.75368853948654
273,1.74219198557112
274,1.73405118082292
275,1.72340340270334
276,1.71872263610819
277,1.71153894882933
278,1.70341673551023
279,1.69493664883245
280,1.68348995837853
281,1.68085804294306
282,1.67083063945518
283,1.66981000129543
284,1.66561883552824
285,1.66490685567912
286,1.66405310751572
287,1.66566877224614
288,1.66789654431755
289,1.67650487421376
290,1.6835062189959
291,1.69589832555673
292,1.70890724254213
293,1.72250438692906
294,1.74622177887558
295,1.76616191088459
296,1.78573132923847
297,1.81771702702753
298,1.84062484326961
299,1.87035255884691
300,1.89477980760109
301,1.92166660141357
302,1.94132222450669
303,1.95598041063591
304,1.97238278528943
305,1.97627899073949
306,1.97998963832889
307,1.97427339789923
308,1.96434301514599
309,1.94598348549277
310,1.92874542633226
311,1.90895566163478
312,1.88277876209471
313,1.85760211881951
314,1.83458449260897
315,1.81167140945489
316,1.79486226047997
317,1.78170807193451
318,1.76989523856417
319,1.76319435975401
320,1.76341672822836
321,1.76546127437101
322,1.77386629461421
323,1.78153402288534
324,1.79046249485501
325,1.80011650829474
326,1.80571909868805
327,1.81292413503855
328,1.81714588828016
329,1.81619860292407
330,1.81158331698213
331,1.80713183240848
332,1.79883985304126
333,1.79198757360765
334,1.78433754263063
335,1.77720667981819
336,1.77895847492117
337,1.77620421876403
338,1.78161883515462
339,1.78648509440344
340,1.80117724254417
341,1.80468715598641
342,1.82646183062641
343,1.83814844273788
344,1.84133731168703
345,1.85352259586642
346,1.85863048981276
347,1.8559690077479
348,1.84565695011538
349,1.8316902657479
350,1.81090688531759
351,1.78243340279364
352,1.75310902838999
353,1.7127620558118
354,1.6704465038018
355,1.63583620008371
356,1.59393437202248
357,1.55594514623938
358,1.52419415916795
359,1.49623116116765
360,1.47456045387556
361,1.45781281454308
362,1.44899147968075
363,1.44683732481299
364,1.44666585458391
365,1.45630677536801
366,1.46411530014731
367,1.47555208401726
368,1.49014148414648
369,1.5028821540277
370,1.51526961100637
371,1.5262287182114
372,1.53460966851135
373,1.54545532688794
374,1.55155837992596
375,1.55822461093381
376,1.5636324705246
377,1.56941754852053
378,1.57660359987172
379,1.58096501854315
380,1.58879320229138
381,1.59634868869567
382,1.60170399237964
383,1.60489575164922
384,1.60745740542979
385,1.60755935097154
386,1.60739895221495
387,1.600775436961
388,1.59629165585949
389,1.5870549159977
390,1.57426779029089
391,1.56161417821054
392,1.54716920477858
393,1.53371397874242
394,1.52010709678863
395,1.5050769104858
396,1.49385339959683
397,1.48177524856493
398,1.47541445909663
399,1.47186411577197
400,1.46441569226987
401,1.46115278169034
402,1.46031919628049
403,1.45983570363206
404,1.45787474249082
405,1.45872613137257
406,1.45910642235738
407,1.4607463693124
408,1.46309337457744
409,1.465054297687
410,1.47054825280457
411,1.47572277933906
412,1.48846029143922
413,1.49882475531597
414,1.51301454186214
415,1.52982513438599
416,1.55387923009673
417,1.57615007470716
418,1.59564538299402
419,1.61849806371598
420,1.6390680175046
421,1.65803384499133
422,1.67490895665398
423,1.68435435293911
424,1.69135523645601
425,1.696421885027
426,1.69090114701175
427,1.68523919042624
428,1.6754013299339
429,1.66325267009013
430,1.6484026251825
431,1.63103701367664
432,1.61561268366364
433,1.59695992619426
434,1.58333778075204
435,1.56789775398937
436,1.55353089563364
437,1.53897613706248
438,1.52553440810074
439,1.51308144128786
440,1.50002341391545
441,1.49223012447964
442,1.47833417125362
443,1.46706448167362
444,1.45836447012333
445,1.44906804266402
446,1.44444596049915
447,1.43801136657472
448,1.43485193398517
449,1.43424355263136
450,1.44011540333981
451,1.44905986734652
452,1.46254961219924
453,1.4792518607737
454,1.49902569697373
455,1.52085715439508
456,1.54492119972645
457,1.56816752684277
458,1.59709852267438
459,1.62218302633658
460,1.64618527829984
461,1.66769383697423
462,1.68599517115086
463,1.69953720308179
464,1.71351850021736
465,1.72327246052
466,1.73014057284635
467,1.73562444661924
468,1.74065900206848
469,1.74352043778793
470,1.74547780466436
471,1.74810120288102
472,1.75161656953776
473,1.75172468549532
474,1.75680458640839
475,1.75699135277139
476,1.76038576970558
477,1.75723951288628
478,1.75761465736449
479,1.75627149406424
480,1.74985446333859
481,1.74356546947091
482,1.73275583861172
483,1.72513314041089
484,1.71946051894763
485,1.7099012671498
486,1.70036506224599
487,1.70027598382799
488,1.69967098112953
489,1.70519032039444
490,1.7134057868082
491,1.73011531059906
492,1.74659757508585
493,1.76644427114785
494,1.79078988361992
495,1.81971809542076
496,1.84415995579226
497,1.8673850469612
498,1.88758157562969
499,1.90290949446411
500,1.91170829682702
501,1.9169751220805
502,1.91461886303106
503,1.90818858775907
504,1.8925553148817
505,1.87693419819082
506,1.86043561574507
507,1.84066151117435
508,1.82214793526449
509,1.80410660996931
510,1.79404397700526
511,1.78166751483767
512,1.77591957833373
513,1.77076745996517
514,1.76791849656301
515,1.76675622205024
516,1.76783733662957
517,1.76613067536838
518,1.76577898647726
519,1.759894279998
520,1.74764856511414
521,1.73698670897519
522,1.72111923945026
523,1.69967967321452
524,1.68025884980985
525,1.65360758366778
526,1.63536224701132
527,1.61358097218264
528,1.5942941262596
529,1.58222270341255
530,1.57533997343923
531,1.57248982475917
532,1.57707501688525
533,1.58284664850698
534,1.60122127107781
535,1.61787165258502
536,1.63711500963768
537,1.65693978576903
538,1.68133863046794
539,1.70277643084371
540,1.72479434746712
541,1.74210153259179
542,1.75873618028509
543,1.7695170978806
544,1.77768036017688
545,1.78591447628651
546,1.7877893585915
547,1.7887614053351
548,1.78657862671692
549,1.7837666943427
550,1.77703258446043
551,1.77119093849692
552,1.76330082306091
553,1.75491855250523
554,1.7448934115775
555,1.73696208139049
556,1.72496819853872
557,1.717206298108
558,1.71038460958315
559,1.70377141177688
560,1.69888404732932
561,1.6973911015292
562,1.69760310304913
563,1.70276858855867
564,1.71027425123518
565,1.71664797919029
566,1.72949212079171
567,1.74291901010791
568,1.75694221810448
569,1.77443818542435
570,1.787195451177
571,1.80155871344876
572,1.81966396375949
573,1.8311337774744
574,1.84085187751291
575,1.85380090609203
576,1.86674838980966
577,1.87490653376291
578,1.88464142681043
579,1.89675894766291
580,1.91295708650497
581,1.9277518270148
582,1.95076895866985
583,1.97283007416188
584,1.9970131204463
585,2.02900364493811
586,2.05122136559051
587,2.07861724410417
588,2.10021947691362
589,2.12086765178182
590,2.13742291440159
591,2.14819413340447
592,2.15229990748307
593,2.14701293144378
594,2.13609820653098
595,2.12013932660023
596,2.09718038077535
597,2.06610636325802
598,2.03670436402359
599,2.00725974674769
600,1.97223952708173
601,1.94071417446574
602,1.91489031922343
603,1.89790040968196
604,1.87972207089186
605,1.8716331401327
606,1.87059047849583
607,1.87477323818488
608,1.88214646104877
609,1.89394039618272
610,1.91001380049058
611,1.92399220530942
612,1.93457309443888
613,1.94698822733514
614,1.94733364244806
615,1.9477216825454
616,1.94045844682209
617,1.93079701775552
618,1.91791795597151
619,1.89632896050752
620,1.87872874780134
621,1.86102479226113
622,1.8416394502523
623,1.83290140296527
624,1.82165339246393
625,1.82059648674409
626,1.82377366114385
627,1.82728047990253
628,1.83956241033754
629,1.85586735937799
630,1.87040931739543
631,1.88369451004415
632,1.89337307620773
633,1.89452800839837
634,1.89806549772798
635,1.89376871359317
636,1.8820745356019
637,1.85947617740823
638,1.83706375335084
639,1.81314401442075
640,1.77953196699795
641,1.74607960230572
642,1.7139742149346
643,1.68334130397129
644,1.6536722472764
645,1.62922442210189
646,1.61104001598314
647,1.59799903992258
648,1.5889192677672
649,1.58282515525316
650,1.58532161834271
651,1.58872489582543
652,1.59597865008857
653,1.60544757022965
654,1.61937096331052
655,1.63118428061151
656,1.6470793025163
657,1.66588650735497
658,1.67910222158674
659,1.69466268329745
660,1.70956093935412
661,1.72376754646942
662,1.73864113172099
663,1.75128900345573
664,1.76311385999887
665,1.77395753468671
666,1.78191254474315
667,1.78909129909913
668,1.79362928956068
669,1.79887744384857
670,1.80221034851948
671,1.80255126091636
672,1.80374965940055
673,1.80226485467619
674,1.80664727105631
675,1.80616809329381
676,1.81241792565972
677,1.81680837590189
678,1.82313969729238
679,1.83156441130457
680,1.8425625758026
681,1.84991979450143
682,1.86143241257511
683,1.86941452807817
684,1.87144239125014
685,1.87662595215871
686,1.87607947433254
687,1.8728324383762
688,1.86729395523846
689,1.85780695956921
690,1.84666096789358
691,1.83223454365575
692,1.82217302499831
693,1.80887454807182
694,1.8034536305149
695,1.79908528437799
696,1.80258207219932
697,1.80277685823113
698,1.81728108179017
699,1.83412566767254
700,1.8548871497083
701,1.87727013879035
702,1.90084448351221
703,1.92538251970126
704,1.94856674149737
705,1.96614556328886
706,1.98064878614397
707,1.98868724147235
708,1.98782686007607
709,1.98246563701329
710,1.9694265382988
711,1.95199481074817
712,1.93047275945137
713,1.90324594329195
714,1.87834858697299
715,1.85184797586543
716,1.82344731118066
717,1.80197848486673
718,1.78436476165276
719,1.76935673191484
720,1.75563990517684
721,1.7459372497837
722,1.74113844504672
723,1.73636026207452
724,1.73541369346725
725,1.73287843864833
726,1.73053349947515
727,1.71946567834128
728,1.70985543780143
729,1.6976307607308
730,1.68227758245131
731,1.66193183507106
732,1.63989134221103
733,1.61657424507634
734,1.59469802491537
735,1.5743958918894
736,1.55922224857645
737,1.5495049746888
738,1.54150706060351
739,1.53886860303402
740,1.54409406343782
741,1.55348527250858
742,1.56562800901802
743,1.58332924930843
744,1.60157716086367
745,1.61764451787783
746,1.63336091997359
747,1.6462108655122
748,1.65820780792333
749,1.66497423608292
750,1.666525929933
751,1.66312030791391
752,1.66060817980205
753,1.65044535379244
754,1.63952888938689
755,1.62868424508309
756,1.61831751383072
757,1.60722370693062
758,1.59737909326791
759,1.58798384300013
760,1.57947153981679
761,1.57538185744103
762,1.56825893486462
763,1.56240232443216
764,1.55920126438902
765,1.55100490611212
766,1.54534168617013
767,1.53876205175523
768,1.5321058562117
769,1.52590342353571
770,1.51826246118913
771,1.5119876771792
772,1.50794822064337
773,1.50472214258267
774,1.50510919174744
775,1.50821179360819
776,1.51499070736931
777,1.52539106633002
778,1.53710981347575
779,1.54859686733505
780,1.56307025622052
781,1.5771450387071
782,1.5905034693442
783,1.60248313779179
784,1.61343051838346
785,1.62205728392473
786,1.6275825911087
787,1.63116727372246
788,1.63630606036663
789,1.63830874165781
790,1.64142054487897
791,1.64609696275081
792,1.65195416758433
793,1.65756895207518
794,1.66562516697338
795,1.6752342426766
796,1.68587752892524
797,1.6947942454057
798,1.70637590831252
799,1.71343352740092
800,1.71922835973747
801,1.7214278540986
802,1.72149209635902
803,1.71359791968291
804,1.7008907805632
805,1.6899059630876
806,1.6712546718346
807,1.6502386237486
808,1.63240940734765
809,1.61208881458915
810,1.59239353396995
811,1.57652012163972
812,1.56322462837147
813,1.55110781617291
814,1.54638369634191
815,1.5417083346797
816,1.54356522096784
817,1.54717005029146
818,1.55007005991794
819,1.55789693061163
820,1.56439012083268
821,1.57167312996612
822,1.57957993970603
823,1.58700731403817
824,1.58895250376743
825,1.59575919661276
826,1.5999445823817
827,1.60368554080211
828,1.61155233460413
829,1.61895104467859
830,1.62747414039784
831,1.64016847048901
832,1.65245443924675
833,1.6663222379347
834,1.68324050447542
835,1.69808014880291
836,1.71452407892137
837,1.72650029373069
838,1.73988206884841
839,1.74946698732507
840,1.75435970273288
841,1.75980461692267
842,1.7580865375225
843,1.75568472980074
844,1.75132600878962
845,1.7450734757645
846,1.74023597283382
847,1.73455307597648
848,1.73211996927797
849,1.73227697732968
850,1.7347259787402
851,1.74198868806728
852,1.75169755950163
853,1.76181616967046
854,1.77532454961887
855,1.7918364001985
856,1.80601963792732
857,1.82075299775196
858,1.83421615524938
859,1.84248557388785
860,1.84874242249687
861,1.85261881757639
862,1.85343712395835
863,1.84977883480922
864,1.84645129922913
865,1.84395104837641
866,1.84243718806964
867,1.83947463476627
868,1.84390743521216
869,1.84634031920652
870,1.85675441989799
871,1.872157140968
872,1.88671087268733
873,1.90456399750569
874,1.92549091973861
875,1.94202160863287
876,1.95894703906255
877,1.96999111129032
878,1.97718790755124
879,1.97876283594895
880,1.971736600324
881,1.95945607883901
882,1.93880298776185
883,1.91511412921572
884,1.88664515713252
885,1.85785957154893
886,1.82431873216256
887,1.79471451095664
888,1.76900929206208
889,1.74665668733481
890,1.72967016624221
891,1.71865483920401
892,1.7112459487743
893,1.70720646498914
894,1.70684846761563
895,1.71334134842556
896,1.71583259099165
897,1.72123242879124
898,1.7196589236907
899,1.71953285442156
900,1.7170404078798
901,1.70948157297823
902,1.70063154063727
903,1.68734438788735
904,1.67929334113898
905,1.66651224944151
906,1.65267080012291
907,1.64549601521465
908,1.64038489743538
909,1.63883243869895
910,1.64314746250361
911,1.65408539719315
912,1.66504881304446
913,1.6813505397534
914,1.69601202111944
915,1.71217977302273
916,1.73045860156085
917,1.74945934890313
918,1.76316913249729
919,1.77368059161699
920,1.78423555797221
921,1.79045789075405
922,1.79667480970397
923,1.79772976150996
924,1.80022518417224
925,1.7955628171384
926,1.79232259162565
927,1.78906028817033
928,1.78798802484183
929,1.78537292303919
930,1.7788996001393
931,1.77131341755287
932,1.76430569747161
933,1.76107556878066
934,1.75947947940307
935,1.75433012126759
936,1.75484026077706
937,1.75429145955934
938,1.75708330071206
939,1.76015103256946
940,1.76872272600593
941,1.78575039799023
942,1.80216819619121
943,1.82504277802654
944,1.8510985956136
945,1.88062597821026
946,1.91428504454483
947,1.94249467761326
948,1.97861165209382
949,2.01076003258537
950,2.03439428580911
951,2.06154235357373
952,2.07934562642234
953,2.09641106938086
954,2.10847385202389
955,2.11324239583243
956,2.11360116630025
957,2.11365239734414
958,2.1104425082192
959,2.11297997856531
960,2.113865313271
961,2.11727935247584
962,2.12588835783548
963,2.13578355143501
964,2.15109722810043
965,2.16892805792102
966,2.18911755825827
967,2.20507794180705
968,2.22859154108236
969,2.24371207916569
970,2.25691857045326
971,2.26524727920114
972,2.26221142146604
973,2.25479574330693
974,2.23493581363582
975,2.21644192347452
976,2.18372458348406
977,2.14682310464979
978,2.110833640321
979,2.07423698132367
980,2.03524132876398
981,2.00496278051264
982,1.97955471123739
983,1.96204465443398
984,1.95498382538892
985,1.95310306285347
986,1.95754798894648
987,1.97615142611941
988,1.99198358069823
989,2.01929003990374
990,2.03917043886155
991,2.06222847550046
992,2.08075411709328
993,2.09672730494561
994,2.10100093536389
995,2.10142925178445
996,2.0911445872445
997,2.07188036475545
998,2.05466276912537
999,2.02417553871568
1000,1.99831945301933
1001,1.9735726445528
1002,1.94872932716982
1003,1.92860667113959
1004,1.91209466247762
1005,1.89786609394573
1006,1.89202577238068
1007,1.89093149012766
1008,1.89016320091707
1009,1.89561334633033
1010,1.9003612086785
1011,1.90193432891948
1012,1.90274719051405
1013,1.90287879332995
1014,1.88985011055597
1015,1.87308500757011
1016,1.85395645801617
1017,1.83164535689201
1018,1.80884920693042
1019,1.77791607968847
1020,1.75299950376534
1021,1.72411854821058
1022,1.69863579550635
1023,1.67846500052035
1024,1.6589980579526
1025,1.65104089204931
1026,1.64745514823184
1027,1.64336529621469
1028,1.65872852067088
1029,1.67142121450386
1030,1.69131655807293
1031,1.70936036293655
1032,1.7318604638037
1033,1.7607360165599
1034,1.78689339119594
1035,1.81338160186408
1036,1.84294903845651
1037,1.86904009541601
1038,1.8919798789035
1039,1.91666662543887
1040,1.94130316623868
1041,1.95948171432036
1042,1.97526795934344
1043,1.99054630472605
1044,2.00228007345167
1045,2.00948771180518
1046,2.01145824110783
1047,2.01087517039441
1048,2.00391885735473
1049,1.99688929628306
1050,1.98636721448853
1051,1.97809311135885
1052,1.96551904928156
1053,1.95990360098919
1054,1.95449537908789
1055,1.95366968105524
1056,1.95607109368293
1057,1.9625125802393
1058,1.97263691941503
1059,1.98720369606142
1060,2.008634221254
1061,2.02647747129023
1062,2.05057070433041
1063,2.07018479557396
1064,2.08648358406593
1065,2.09963240304901
1066,2.10546223485769
1067,2.11353238325249
1068,2.1134758323112
1069,2.10226604930156
1070,2.0971493066412
1071,2.08228723776379
1072,2.0750022303864
1073,2.06573305863621
1074,2.05549301720261
1075,2.05382144438351
1076,2.05562442746408
1077,2.06297308160835
1078,2.0789511988797
1079,2.09908228630626
1080,2.12129345123706
1081,2.1554427990306
1082,2.18289863054706
1083,2.21047800495678
1084,2.23251760212523
1085,2.24846631934703
1086,2.2544637738109
1087,2.25508381373129
1088,2.2419079400121
1089,2.22078683358294
1090,2.19100357493122
1091,2.15400625136126
1092,2.11153262747334
1093,2.06621129936307
1094,2.01573984868554
1095,1.96870389742213
1096,1.92385604411997
1097,1.88469793953504
1098,1.85323541001388
1099,1.83021742063382
1100,1.81269691220352
1101,1.80176639623172
1102,1.79512594402396
1103,1.7966013930324
1104,1.80016531265747
1105,1.80204499386037
1106,1.80622733671385
1107,1.80983134967775
1108,1.8060218906136
1109,1.80313826592555
1110,1.7916431949144
1111,1.77926858017737
1112,1.76503190072468
1113,1.7478663912071
1114,1.73233926884772
1115,1.71419323105086
1116,1.70307324446394
1117,1.69453421963432
1118,1.69143891824096
1119,1.69412260079368
1120,1.70513659595919
1121,1.71637426670936
1122,1.73051686372432
1123,1.74637606961778
1124,1.7573756552664
1125,1.76879859083442
1126,1.77704609413569
1127,1.77860116674875
1128,1.78095318818643
1129,1.77306312869016
1130,1.75518015471973
1131,1.73880290474194
1132,1.71582914791125
1133,1.69177177796268
1134,1.66746378603532
1135,1.63862656518207
1136,1.6178022947775
1137,1.5948785352946
1138,1.57298407569722
1139,1.55614414215049
1140,1.54628581567812
1141,1.53511896083087
1142,1.5298584813719
1143,1.52987406888838
1144,1.53099145687488
1145,1.53476038555439
1146,1.54160510931583
1147,1.55241462491217
1148,1.56968592285743
1149,1.58642332588785
1150,1.60124756028763
1151,1.61399498892286
1152,1.63384585687292
1153,1.65293283121031
1154,1.68439586671697
1155,1.70739803327412
1156,1.73968759668595
1157,1.76618246394931
1158,1.79640680279285
1159,1.8217048879944
1160,1.84766982172186
1161,1.86921828457387
1162,1.8860687340415
1163,1.89900613457088
1164,1.90507564896731
1165,1.90874428491234
1166,1.90916352079785
1167,1.90376983117386
1168,1.90042198974448
1169,1.89533662758808
1170,1.89082168974898
1171,1.89075339788698
1172,1.89181541539783
1173,1.89131396897015
1174,1.89487509422439
1175,1.90420059502414
1176,1.909138740012
1177,1.91502275092226
1178,1.92024851506522
1179,1.92032531569059
1180,1.91983541158143
1181,1.91537203577162
1182,1.90003479006596
1183,1.88536918191377
1184,1.86405078654388
1185,1.83645482710261
1186,1.81199093093286
1187,1.783914054522
1188,1.75462691077579
1189,1.7339128189706
1190,1.70899818011899
1191,1.69574889631159
1192,1.68923859820769
1193,1.6845047813723
1194,1.69321810845817
1195,1.70634023851817
1196,1.72341127983857
1197,1.74428757683718
1198,1.76777203700962
1199,1.79022184581891
1200,1.81128716448278
1201,1.82586756651227
1202,1.84224323500317
1203,1.85034256491973
1204,1.84891623672392
1205,1.8438857036571
1206,1.8382666840992
1207,1.8252231376301
1208,1.80893560897404
1209,1.79062096344775
1210,1.77510732409713
1211,1.76039679657305
1212,1.74521294202312
1213,1.73445251667494
1214,1.7223000966714
1215,1.71567198206028
1216,1.7103623801096
1217,1.70176982116847
1218,1.69736933782112
1219,1.69162406667329
1220,1.68196787920106
1221,1.67294128420516
1222,1.66269512380468
1223,1.65287180658099
1224,1.63868499326023
1225,1.62429454030316
1226,1.61160776289422
1227,1.60145986306406
1228,1.59489626405627
1229,1.58840057052811
1230,1.59184160092005
1231,1.60192120529414
1232,1.61778944671463
1233,1.63167250704697
1234,1.65932984823917
1235,1.68778912014249
1236,1.7157724218543
1237,1.74689990677975
1238,1.77733946859848
1239,1.80092206686097
1240,1.82581287626774
1241,1.84390275542071
1242,1.86001242954905
1243,1.86974761918441
1244,1.87900406747107
1245,1.87917515361345
1246,1.8786175361977
1247,1.88243361615363
1248,1.88142319681693
1249,1.88192991975874
1250,1.88789860666424
1251,1.89042296328271
1252,1.89445405475194
1253,1.89648270400399
1254,1.90085962052569
1255,1.9040668209638
1256,1.90755467720458
1257,1.90188285034426
1258,1.89353326478963
1259,1.88017538946748
1260,1.86692384673651
1261,1.84514016450188
1262,1.81855855650424
1263,1.79480893808597
1264,1.76173743400906
1265,1.73472602477371
1266,1.71073433302069
1267,1.69272672169509
1268,1.67986053763381
1269,1.67095615763961
1270,1.66958212164371
1271,1.67818818968126
1272,1.69103291603227
1273,1.70561209191723
1274,1.72623868790706
1275,1.74468303960122
1276,1.76607676516507
1277,1.78382895250446
1278,1.80012650277472
1279,1.80834924428145
1280,1.81352730628944
1281,1.81805992471963
1282,1.81597290326753
1283,1.81048095187471
1284,1.79717915921539
1285,1.7915659929542
1286,1.78275561117436
1287,1.7779195017311
1288,1.7739851432987
1289,1.77278767713686
1290,1.77622195250814
1291,1.77700886477849
1292,1.78230976711571
1293,1.78674243068899
1294,1.79009185136544
1295,1.78032877852644
1296,1.77760369509908
1297,1.76989443725753
1298,1.75255869809779
1299,1.73620761462228
1300,1.70813631795774
1301,1.68022979525625
1302,1.64818964509359
1303,1.61184000634756
1304,1.58010769646874
1305,1.54727893995947
1306,1.52054569967079
1307,1.4974517369204
1308,1.47432642579697
1309,1.45944248428434
1310,1.45117931498999
1311,1.4509605416737
1312,1.4522333115916
1313,1.46127661192696
1314,1.47586812546735
1315,1.49045686852411
1316,1.51008589169576
1317,1.53370827729297
1318,1.55942610989612
1319,1.58563139889456
1320,1.6127156861201
1321,1.64751584749795
1322,1.68076758433554
1323,1.71070453643348
1324,1.74469136084436
1325,1.77929742233876
1326,1.81353823491517
1327,1.84680378106165
1328,1.87900760699607
1329,1.90842892430278
1330,1.93224147385425
1331,1.95106294937623
1332,1.96867885861944
1333,1.97778193118024
1334,1.98435329830132
1335,1.9845117673835
1336,1.98234516322602
1337,1.9770495021809
1338,1.9636799502093
1339,1.95314667398322
1340,1.94373676773104
1341,1.93702341670041
1342,1.93042488614804
1343,1.92869988031834
1344,1.93041350706417
1345,1.93414605766069
1346,1.94207790924103
1347,1.95578633763924
1348,1.97403706496847
1349,1.98884373027388
1350,2.00845769998776
1351,2.0215704755544
1352,2.03345832951056
1353,2.04274593285978
1354,2.04440913138444
1355,2.0442360206219
1356,2.04047929038552
1357,2.03124441621685
1358,2.02618005926721
1359,2.0169917828685
1360,2.00856142769115
1361,2.00343311593442
1362,2.00463323066832
1363,2.01094316846451
1364,2.02675052094807
1365,2.04531770591633
1366,2.06658895639473
1367,2.09658555199111
1368,2.11684054456863
1369,2.14745599712583
1370,2.17184579647576
1371,2.18957108496788
1372,2.20363376511478
1373,2.20183807096742
1374,2.19632486739726
1375,2.17893597785348
1376,2.15318953693374
1377,2.11683638871875
1378,2.07939600876767
1379,2.04122692748485
1380,1.99877704496809
1381,1.95526091854357
1382,1.91551418166795
1383,1.88592608071852
1384,1.85955220611531
1385,1.83826215056933
1386,1.82997433862713
1387,1.82102479012355
1388,1.8233503129191
1389,1.82682675680536
1390,1.83027317570716
1391,1.83481831505301
1392,1.83955707725097
1393,1.83775263687501
1394,1.83544564435353
1395,1.82486591237197
1396,1.81379162725462
1397,1.79681572689941
1398,1.78038436696302
1399,1.75964343606142
1400,1.74222440010801
1401,1.72538788516837
1402,1.71655365180381
1403,1.70671836400322
1404,1.70143016657121
1405,1.70428164263004
1406,1.71415702646767
1407,1.72434839996013
1408,1.73954156569489
1409,1.75440058511352
1410,1.7671249109811
1411,1.77607729544565
1412,1.78736545226224
1413,1.78696225383607
1414,1.79431124195778
1415,1.78447462560184
1416,1.77543516505194
1417,1.7660269657293
1418,1.7476975953342
1419,1.72938316266319
1420,1.70971494707938
1421,1.68580345465334
1422,1.67102989271211
1423,1.65062605985442
1424,1.63257234017875
1425,1.62358307704383
1426,1.61166731012563
1427,1.60545435351079
1428,1.60241040925868
1429,1.59773612010431
1430,1.60161443914178
1431,1.60678290043505
1432,1.61616601457589
1433,1.63563404449382
1434,1.65059873896575
1435,1.67425095446599
1436,1.69907590881634
1437,1.72572279897432
1438,1.76802464354895
1439,1.79446069124892
1440,1.83563915314737
1441,1.87471795930591
1442,1.914811586052
1443,1.94792333233875
1444,1.98293383583418
1445,2.01752351319931
1446,2.04219754922414
1447,2.06629739725257
1448,2.07994988544943
1449,2.09123778604036
1450,2.09563709970401
1451,2.09709406214106
1452,2.0941183970085
1453,2.08768834143361
1454,2.08344763650198
1455,2.07824793391761
1456,2.07628832099284
1457,2.07542317019795
1458,2.07497466287319
1459,2.08191735911994
1460,2.08781753288975
1461,2.09601843771395
1462,2.10195163828781
1463,2.1088134721294
1464,2.11590364665134
1465,2.11939696449369
1466,2.11648919932208
1467,2.10499882111384
1468,2.091061155543
1469,2.07109991322942
1470,2.04472218836306
1471,2.01775814118325
1472,1.98516167964367
1473,1.94989376688093
1474,1.92302024511715
1475,1.89675300087433
1476,1.87921390862641
1477,1.86340538805625
1478,1.85623580130862
1479,1.86084029925416
1480,1.87624997153819
1481,1.89339543072781
1482,1.92252457191262
1483,1.95219789495474
1484,1.98268583157628
1485,2.01003208075225
1486,2.03610273684676
1487,2.05589773799332
1488,2.06601535435876
1489,2.06923377567156
1490,2.06680231020829
1491,2.05143991712285
1492,2.03236480736709
1493,2.00794169953939
1494,1.98209271165589
1495,1.95716223521902
1496,1.92866620548358
1497,1.90533323266796
1498,1.88222094882139
1499,1.86409259064231
1500,1.85325833847109
1501,1.84160759077832
1502,1.83480472132004
1503,1.83156201726951
1504,1.82692900803642
1505,1.81800553842114
1506,1.80800796130683
1507,1.7934745448083
1508,1.7774583657175
1509,1.75109892746804
1510,1.72093716608443
1511,1.68964482624915
1512,1.65480678288601
1513,1.61739545820575
1514,1.58317220477341
1515,1.55230570122598
1516,1.5252782589221
1517,1.50232848158052
1518,1.48433006408153
1519,1.47518292454259
1520,1.47358038175693
1521,1.48037342744386
1522,1.4884421644449
1523,1.50212388479917
1524,1.5195022211287
1525,1.53703963816175
1526,1.55585588576059
1527,1.57043433343809
1528,1.58578035883482
1529,1.59710041966229
1530,1.60660303661098
1531,1.61572553070652
1532,1.62421502426382
1533,1.62785451793631
1534,1.63404683841905
1535,1.63835356243493
1536,1.64198603265639
1537,1.64711333030238
1538,1.65443787666532
1539,1.65930676090905
1540,1.66336633301354
1541,1.66852084190816
1542,1.66859761172269
1543,1.66886186508041
1544,1.66716711630303
1545,1.66341408518701
1546,1.65603378611349
1547,1.65154937203047
1548,1.64441193838864
1549,1.64017202974741
1550,1.63564881678722
1551,1.6336889486303
1552,1.63749192814684
1553,1.64239912026384
1554,1.65092886341071
1555,1.66203773042043
1556,1.67719671907927
1557,1.69664631665764
1558,1.71330614334049
1559,1.73373171834177
1560,1.75075572895668
1561,1.76761381476013
1562,1.7790675837767
1563,1.79018171684481
1564,1.79661315663673
1565,1.79996052716609
1566,1.80199700687294
1567,1.80148412386054
1568,1.80043482065839
1569,1.80005708816767
1570,1.79940740452648
1571,1.8002254544983
1572,1.80526039306263
1573,1.81040384872012
1574,1.82166062601895
1575,1.83332577548939
1576,1.84477395669619
1577,1.8583632049866
1578,1.87144554685526
1579,1.87487400571891
1580,1.88159078036618
1581,1.87946093597294
1582,1.87889450453169
1583,1.86407218525258
1584,1.84829950743834
1585,1.8296979899921
1586,1.80458792326009
1587,1.7778017146938
1588,1.74965180901563
1589,1.72683032906549
1590,1.70147077031454
1591,1.67741514809405
1592,1.66306156378935
1593,1.65280223207866
1594,1.6468929645789
1595,1.64661543516101
1596,1.65389522681754
1597,1.66141460451087
1598,1.67365138264452
1599,1.68774069850721
1600,1.7008763930382
1601,1.71539223335783
1602,1.7244165179302
1603,1.73489412422303
1604,1.74018976915585
1605,1.74383109235511
1606,1.74838568495616
1607,1.74879150645359
1608,1.75212240707211
1609,1.7541211124914
1610,1.76264614298739
1611,1.76900309551631
1612,1.78596990461242
1613,1.79750828017081
1614,1.81439786528496
1615,1.82971837375719
1616,1.84904789029175
1617,1.86602167773076
1618,1.87506878895367
1619,1.88457531746327
1620,1.88303325582706
1621,1.88307374708206
1622,1.87592895419181
1623,1.85758741844467
1624,1.83850720354656
1625,1.81137552570324
1626,1.78969969245164
1627,1.76037715876183
1628,1.73371864025734
1629,1.71236751544302
1630,1.6920877469416
1631,1.67744929134748
1632,1.66627123872338
1633,1.66094054799181
1634,1.66206861075029
1635,1.66554926239295
1636,1.67058779457992
1637,1.67870674267
1638,1.68449658825443
1639,1.68934937098841
1640,1.69461422702907
1641,1.69376290691513
1642,1.69560454361806
1643,1.68991421192201
1644,1.68686631997553
1645,1.6820772277776
1646,1.67881361857284
1647,1.68026320958511
1648,1.68366806869536
1649,1.68519749634143
1650,1.69492130525108
1651,1.71002486252003
1652,1.7249151854462
1653,1.74354848869214
1654,1.7643877389265
1655,1.78427119297164
1656,1.79836570496425
1657,1.81172663413832
1658,1.81968099701859
1659,1.82278265255529
1660,1.81301480736205
1661,1.804306495208
1662,1.78836243900304
1663,1.77050571535591
1664,1.74738965497236
1665,1.72265844089125
1666,1.69821884360227
1667,1.67196369925382
1668,1.64828734397472
1669,1.62929044189454
1670,1.61055859531139
1671,1.59814661301747
1672,1.5876052653524
1673,1.5802761109076
1674,1.57345023272486
1675,1.56578394798807
1676,1.56479087258371
1677,1.55978189464135
1678,1.55366318477375
1679,1.54796643679584
1680,1.54277350684447
1681,1.53186344900279
1682,1.52361419667993
1683,1.51498780744051
1684,1.50708017316343
1685,1.49604538157525
1686,1.49124449464833
1687,1.49057994259279
1688,1.49357641979006
1689,1.49782514229692
1690,1.50706391232715
1691,1.51837653765773
1692,1.53298563495949
1693,1.54962693858829
1694,1.56790979445567
1695,1.58799530642755
1696,1.60836084700318
1697,1.62435592997235
1698,1.6480800250496
1699,1.66620340269123
1700,1.6836313513048
1701,1.70021716156984
1702,1.72261345710138
1703,1.73492109393691
1704,1.75080482852259
1705,1.7635424484472
1706,1.77847349411545
1707,1.79342670366449
1708,1.80551302560624
1709,1.8158948598393
1710,1.82219769231781
1711,1.82999206706556
1712,1.83696480107729
1713,1.84098807095158
1714,1.84024494724454
1715,1.84111797640684
1716,1.83763037007144
1717,1.83923690405025
1718,1.83500646430982
1719,1.83386678821488
1720,1.8343472896701
1721,1.84167437983036
1722,1.84836106241582
1723,1.85877969788401
1724,1.87775509257839
1725,1.89760222551274
1726,1.92666623012312
1727,1.95687610720287
1728,1.98615010204746
1729,2.01856734654909
1730,2.04510630902666
1731,2.07487326230258
1732,2.09478049700759
1733,2.11533701447732
1734,2.12235088889889
1735,2.12578495931621
1736,2.12135316491357
1737,2.10973234599786
1738,2.09752412131136
1739,2.08284895634683
1740,2.06816568693969
1741,2.05523297387345
1742,2.04132475625625
1743,2.03350987031283
1744,2.0300535336223
1745,2.03239158521473
1746,2.03885576248134
1747,2.04590017799507
1748,2.06342451731012
1749,2.07429338125221
1750,2.08206823431074
1751,2.09356698215059
1752,2.09898680208162
1753,2.09510799676574
1754,2.08517310979997
1755,2.0621589910799
1756,2.04154986199089
1757,2.01630100238309
1758,1.98183294840485
1759,1.9492723508983
1760,1.9127884514007
1761,1.88546866597507
1762,1.85622913460766
1763,1.83721033478373
1764,1.82293969099508
1765,1.81919899192124
1766,1.82602972199449
1767,1.8324669638119
1768,1.85095968286678
1769,1.86908353844789
1770,1.89106761429708
1771,1.91060886024851
1772,1.93369723211716
1773,1.94664217161536
1774,1.9568711097457
1775,1.95702302127807
1776,1.95381443258267
1777,1.94128345927121
1778,1.92972529602871
1779,1.905608816877
1780,1.8849221330916
1781,1.86472450926073
1782,1.84113499296898
1783,1.81728642337439
1784,1.80179532272335
1785,1.78276201756817
1786,1.77241359984815
1787,1.76456895523864
1788,1.75566283854558
1789,1.75474971824934
1790,1.75257656150267
1791,1.75126543497553
1792,1.75172648071956
1793,1.75154070825542
1794,1.74521489414274
1795,1.74240262143828
1796,1.7380977594754
1797,1.72702129892425
1798,1.72299269726555
1799,1.72035424447105
1800,1.70868707846954
1801,1.70611432167794
1802,1.70045883735134
1803,1.69533396519593
1804,1.6891001924863
1805,1.69430688137815
1806,1.69520951506501
1807,1.69974062633312
1808,1.71122516243352
1809,1.72068548660152
1810,1.73869115977761
1811,1.75294089769712
1812,1.7792461662955
1813,1.80022417441087
1814,1.82875137582093
1815,1.86096637560751
1816,1.89318383817583
1817,1.92135418181535
1818,1.9571956305994
1819,1.99448543482156
1820,2.0228967697791
1821,2.05986154977766
1822,2.08447317870798
1823,2.10886875652051
1824,2.12512084961763
1825,2.13765851728778
1826,2.14927039963843
1827,2.14798772816335
1828,2.14102342071486
1829,2.12963190173518
1830,2.11774551821892
1831,2.09925688523781
1832,2.08230065778207
1833,2.06346087873182
1834,2.04579813563993
1835,2.03287190932663
1836,2.02608340811868
1837,2.01879121251183
1838,2.01550825583552
1839,2.02576287904045
1840,2.03435384729696
1841,2.05064321947185
1842,2.06321465312757
1843,2.07506377503621
1844,2.08835670588541
1845,2.10101533285565
1846,2.10665318289827
1847,2.10640507905246
1848,2.10348162226313
1849,2.08986912067017
1850,2.07476593780364
1851,2.05785670604016
1852,2.03669080915476
1853,2.01145750066867
1854,1.99094549563294
1855,1.97619079163958
1856,1.95984864852118
1857,1.95696670375369
1858,1.95997452975723
1859,1.9704223286899
1860,1.98706269124528
1861,2.00895222896894
1862,2.03526121925232
1863,2.05658414683277
1864,2.08619117796992
1865,2.10783585822288
1866,2.12178790179164
1867,2.12996595346947
1868,2.12929376981121
1869,2.11517171441582
1870,2.0969316424178
1871,2.06816857790197
1872,2.032152654451
1873,1.99396170624543
1874,1.9540069069691
1875,1.90843037335796
1876,1.86977159421832
1877,1.83484820331274
1878,1.80226210680249
1879,1.77524280433163
1880,1.75696385691191
1881,1.7438189239867
1882,1.7373729156882
1883,1.73336286789614
1884,1.73254838660002
1885,1.73465639689314
1886,1.73602110684515
1887,1.73530168785947
1888,1.73316216662893
1889,1.72819578220218
1890,1.71891931625608
1891,1.70962911671805
1892,1.69471076685335
1893,1.67852782547487
1894,1.66318470813891
1895,1.64907054282244
1896,1.63317280241762
1897,1.62101601228657
1898,1.6155697261065
1899,1.61013592668567
1900,1.60968442711902
1901,1.61147918101168
1902,1.61757565631568
1903,1.62579663519392
1904,1.63831915559315
1905,1.64898250399085
1906,1.66204470905829
1907,1.67324442790605
1908,1.68583430561836
1909,1.69644409042059
1910,1.70543456598109
1911,1.71557792556617
1912,1.72499514159513
1913,1.72921970694983
1914,1.73367007076402
1915,1.74218956310386
1916,1.74360402502669
1917,1.7457346886202
1918,1.74643381873182
1919,1.74436086209426
1920,1.74284872755216
1921,1.73663130851681
1922,1.73267470408333
1923,1.73148824373786
1924,1.72256255800468
1925,1.71812390221718
1926,1.71254947281344
1927,1.71269989281732
1928,1.71541898748253
1929,1.71588797331322
1930,1.72668417299349
1931,1.73831042184146
1932,1.75294790673782
1933,1.77205038229063
1934,1.79377235686547
1935,1.81871269440161
1936,1.84026388360642
1937,1.86670132783676
1938,1.88634007439653
1939,1.90290461799886
1940,1.91934333041014
1941,1.92885612023378
1942,1.93128263381859
1943,1.93063285544428
1944,1.92817349314646
1945,1.91928001836839
1946,1.90966291729128
1947,1.89625255087972
1948,1.88558246716833
1949,1.8753109651221
1950,1.86193664054223
1951,1.85357577217217
1952,1.8473570389418
1953,1.84533882703501
1954,1.84735092702365
1955,1.8465212447399
1956,1.84929760018599
1957,1.8557396500096
1958,1.85534320946512
1959,1.8502165774653
1960,1.84616282179318
1961,1.83306420963059
1962,1.82220250612961
1963,1.79689620942086
1964,1.77572115656595
1965,1.75063944650896
1966,1.71927374393096
1967,1.68914714160714
1968,1.65825487313858
1969,1.6336052758856
1970,1.61500755743014
1971,1.59702120971466
1972,1.58700586316204
1973,1.58316319115873
1974,1.58670901813233
1975,1.60106645542991
1976,1.6132873079382
1977,1.6327391781623
1978,1.65454313840997
1979,1.67576076188372
1980,1.69140858692835
1981,1.71113193243205
1982,1.72045500455521
1983,1.72936446721834
1984,1.73345555115657
1985,1.731267144093
1986,1.72607279352913
1987,1.71700775543143
1988,1.70592411403446
1989,1.69546052951271
1990,1.68276590221698
1991,1.67142507927815
1992,1.6587574504373
1993,1.65110747917764
1994,1.64359303226952
1995,1.63557357399307
1996,1.63010460881894
1997,1.62392472089602
1998,1.61504216760118
1999,1.60564591016119
2000,1.6015872854586
2001,1.58845738809757
2002,1.5764423336507
2003,1.56212809190609
2004,1.54516747503958
2005,1.53124675659641
2006,1.51443094383899
2007,1.50353212713225
2008,1.49347477534161
2009,1.48804867098224
2010,1.48418945801974
2011,1.48740691645352
2012,1.4930090705498
2013,1.50054174187015
2014,1.51260920269421
2015,1.52843297043418
2016,1.54174921875619
2017,1.55461596659719
2018,1.56960858724112
2019,1.58221009074325
2020,1.59520250153447
2021,1.60521230542754
2022,1.61578719133063
2023,1.62162820694619
2024,1.62943603421603
2025,1.64102510587806
2026,1.6492610046066
2027,1.65796798092963
2028,1.67305757186033
2029,1.68965922432799
2030,1.70349287184596
2031,1.71953907416989
2032,1.73536267442305
2033,1.74850815138936
2034,1.75733710539588
2035,1.76479808280585
2036,1.7667005532388
2037,1.76643361015102
2038,1.75830299172067
2039,1.74560524400415
2040,1.72458982273102
2041,1.70422209973379
2042,1.67943349508586
2043,1.65262772971091
2044,1.62780560145043
2045,1.60262107801909
2046,1.57860941383181
2047,1.55776028921217
2048,1.54138461097659
2049,1.52774831061057
2050,1.51677622143683
2051,1.51134065685193
2052,1.5081899468907
2053,1.50847444947013
2054,1.50901733374619
2055,1.51131276309679
2056,1.51471537773861
2057,1.51784432795852
2058,1.5185828342489
2059,1.52032151204215
2060,1.51934092433699
2061,1.52067167161824
2062,1.52332088355707
2063,1.52198620700972
2064,1.52495004237991
2065,1.52518557023823
2066,1.53211081428939
2067,1.53761456895218
2068,1.54176815854401
2069,1.55321646407581
2070,1.56253148984364
2071,1.57180567691674
2072,1.58267471927285
2073,1.59241807067366
2074,1.59789760635277
2075,1.60801508800764
2076,1.61045938650244
2077,1.61210915346739
2078,1.61221780011501
2079,1.61038995342671
2080,1.60936220496037
2081,1.60532366118922
2082,1.60524600215365
2083,1.60076226720066
2084,1.60054039157191
2085,1.60119795743684
2086,1.60443321902076
2087,1.60649748904752
2088,1.61051797247114
2089,1.61544721903126
2090,1.62828296241637
2091,1.63577656144129
2092,1.64149583833509
2093,1.65451320961909
2094,1.66439588950738
2095,1.67381704251786
2096,1.68727257008799
2097,1.70141259629389
2098,1.7137336655165
2099,1.73575702412345
2100,1.75449680069695
2101,1.77886464730956
2102,1.79869143392225
2103,1.83098100042478
2104,1.8592727216834
2105,1.88636877026484
2106,1.91918842867684
2107,1.94874865211168
2108,1.97354491439226
2109,1.9990665607101
2110,2.01745354995322
2111,2.02913214927863
2112,2.03678057014338
2113,2.04134935672195
2114,2.03908120470183
2115,2.02568805402197
2116,2.01150827653988
2117,1.99052449275357
2118,1.96869940173504
2119,1.95014057706631
2120,1.9305076752276
2121,1.91667808024434
2122,1.90274827131511
2123,1.89330481792588
2124,1.89235758521488
2125,1.89317674917235
2126,1.89922118346482
2127,1.90922771950576
2128,1.91329287536303
2129,1.9224265545939
2130,1.92914407605774
2131,1.933421015206
2132,1.93696373529301
2133,1.92958347060357
2134,1.91903214989259
2135,1.90707683999405
2136,1.88899583030561
2137,1.86978559823912
2138,1.85260471585934
2139,1.83459582580125
2140,1.8203582213731
2141,1.80972513174843
2142,1.80982102409452
2143,1.81312837212235
2144,1.82031668334537
2145,1.83244839705933
2146,1.85807122494849
2147,1.88304189835491
2148,1.91491524226274
2149,1.94184023423242
2150,1.96296703313192
2151,1.9874518438475
2152,2.00105910365823
2153,2.00849638707881
2154,2.0079463339254
2155,1.99871212383897
2156,1.98954380858185
2157,1.96588948704476
2158,1.93796509765209
2159,1.90766879350329
2160,1.87947293346937
2161,1.84352932972864
2162,1.81216453576078
2163,1.78079122948299
2164,1.74821806054362
2165,1.72617710491206
2166,1.70268920162382
2167,1.68517892894605
2168,1.67107256520106
2169,1.66065469966462
2170,1.65367371456879
2171,1.64606048435337
2172,1.64854087143392
2173,1.65104641306138
2174,1.65176740938706
2175,1.65860446095878
2176,1.66107051804921
2177,1.67113243498951
2178,1.67793115600944
2179,1.68506739784114
2180,1.69988174584275
2181,1.71308798365312
2182,1.7228932599265
2183,1.73818346893668
2184,1.75732440607909
2185,1.772031533731
2186,1.79127515256015
2187,1.81445347715438
2188,1.83392595720131
2189,1.85295872523541
2190,1.88124096994781
2191,1.89946395271684
2192,1.92502770436634
2193,1.94945132109424
2194,1.97039282543353
2195,1.99611907673143
2196,2.01815575823904
2197,2.03756577399079
2198,2.05408037031561
2199,2.06545080579672
2200,2.07567289105529
2201,2.07894409430249
2202,2.07881420917213
2203,2.07726033499683
2204,2.06287446388679
2205,2.05462493641818
2206,2.03405442120005
2207,2.01992515616297
2208,1.99228574119663
2209,1.97256891268934
2210,1.95031382886522
2211,1.92701251204009
2212,1.91257356835694
2213,1.90177662448282
2214,1.89180633176618
2215,1.89487835174334
2216,1.90851640246818
2217,1.91576008708723
2218,1.93352747065836
2219,1.96134107733543
2220,1.98938247460246
2221,2.02105257825868
2222,2.04892603454307
2223,2.08378901895414
2224,2.1076797583673
2225,2.12695485957223
2226,2.13865083256801
2227,2.14303734000792
2228,2.14697634224225
2229,2.14186253654483
2230,2.1317572218545
2231,2.11659102081178
2232,2.096357605831
2233,2.08423396264173
2234,2.07011912847896
2235,2.05568132073761
2236,2.05156574911627
2237,2.05285283736632
2238,2.05693157257218
2239,2.06343280647447
2240,2.0734718638484
2241,2.08999314523958
2242,2.09997467058163
2243,2.11605784644585
2244,2.11922670086207
2245,2.12332723505943
2246,2.11780426735974
2247,2.10665388343283
2248,2.08469016768242
2249,2.05630592476798
2250,2.02621893874856
2251,1.98144170680341
2252,1.93736663236558
2253,1.89841300616321
2254,1.85658447844309
2255,1.81819623947105
2256,1.78641765087378
2257,1.76108778790298
2258,1.74521396602464
2259,1.73777898638621
2260,1.74146244594455
2261,1.75107133524945
2262,1.76617525464279
2263,1.78555433548853
2264,1.81346573464689
2265,1.83427131163572
2266,1.85950195069381
2267,1.8767484801562
2268,1.89602141516386
2269,1.90916256495449
2270,1.9131969363628
2271,1.91384739207176
2272,1.91095176967507
2273,1.89766987804706
2274,1.88392046108434
2275,1.86968234294036
2276,1.8526844938187
2277,1.83585587701899
2278,1.8192270504737
2279,1.8008399190129
2280,1.78730387591204
2281,1.77321732960125
2282,1.75920204149894
2283,1.74656419436934
2284,1.73947469906282
2285,1.72772124576073
2286,1.71772197577824
2287,1.71254587935451
2288,1.70607796325215
2289,1.70345003539062
2290,1.69434331081473
2291,1.68901752970068
2292,1.68607378413779
2293,1.68275856436448
2294,1.67869774210057
2295,1.68132094126913
2296,1.67995987628408
2297,1.6801755597307
2298,1.68367946017403
2299,1.68773873985254
2300,1.68950396268029
2301,1.69840750188974
2302,1.70768475324
2303,1.72568876774424
2304,1.74125674379361
2305,1.76101434714559
2306,1.78278538446609
2307,1.80959241955566
2308,1.83498753152923
2309,1.86887566119688
2310,1.89827431041405
2311,1.9270425343842
2312,1.95677526849487
2313,1.98272611369784
2314,2.00187192303547
2315,2.01572979180421
2316,2.03026116325978
2317,2.0394178381924
2318,2.03510819573174
2319,2.03185884978621
2320,2.01198193256044
2321,1.99231233109127
2322,1.9681714854196
2323,1.94303140859036
2324,1.90999375194236
2325,1.88122170647191
2326,1.84976511283778
2327,1.82192111445987
2328,1.79698954526036
2329,1.77607981714513
2330,1.75633661825995
2331,1.74815070309831
2332,1.74401792545739
2333,1.74621457061634
2334,1.7513802638469
2335,1.75680298887139
2336,1.76640990751756
2337,1.77196979480791
2338,1.78412100402031
2339,1.79027360633741
2340,1.79540642270248
2341,1.80035247885668
2342,1.79777399760673
2343,1.79442299481655
2344,1.78657960745929
2345,1.7857213486108
2346,1.77343330477787
2347,1.76934609776881
2348,1.76291151172643
2349,1.7627345257032
2350,1.76464664120025
2351,1.77687658344367
2352,1.78659672667884
2353,1.80619319683753
2354,1.82159284847971
2355,1.84058392081559
2356,1.85881936790122
2357,1.88115861636125
2358,1.89137699830814
2359,1.90019428981715
2360,1.90068678797643
2361,1.89495327185842
2362,1.88289920035056
2363,1.85974596459717
2364,1.83180418936229
2365,1.80132202984837
2366,1.76091823063562
2367,1.71836175993453
2368,1.67563318631816
2369,1.63720558871571
2370,1.58987981151065
2371,1.55313056729612
2372,1.51860312703883
2373,1.48952602844703
2374,1.46876553756135
2375,1.44872900500715
2376,1.43707863745494
2377,1.42955941815062
2378,1.42510943910724
2379,1.42300524184575
2380,1.42185747381246
2381,1.42419578955399
2382,1.42626250969936
2383,1.42908721095694
2384,1.43250477417885
2385,1.43605739309164
2386,1.43828694269721
2387,1.44399691514705
2388,1.44999098247242
2389,1.45536266826858
2390,1.46146665481466
2391,1.47088538765068
2392,1.48019428873733
2393,1.49119228783112
2394,1.50137098380068
2395,1.51048882463479
2396,1.51889755712106
2397,1.52484106286516
2398,1.52900029654396
2399,1.53143242166771
2400,1.52725275502254
2401,1.52450628787731
2402,1.51852900675982
2403,1.50972803370876
2404,1.5017042809672
2405,1.4889353610063
2406,1.47688554869969
2407,1.46253068693796
2408,1.45038142274732
2409,1.43863367021388
2410,1.42794252583926
2411,1.41586997769476
2412,1.4056806073261
2413,1.39740691049076
2414,1.3909194909209
2415,1.3852642399312
2416,1.3826408999837
2417,1.37936881308102
2418,1.37736426458804
2419,1.37847676045446
2420,1.38620626900902
2421,1.390379528331
2422,1.40079835609411
2423,1.41083999564292
2424,1.42543187093101
2425,1.44166845922754
2426,1.45752625377884
2427,1.47833972659233
2428,1.49476361414793
2429,1.5124480995958
2430,1.52816579484981
2431,1.54553668789164
2432,1.55689619566181
2433,1.56751353788696
2434,1.57619001624684
2435,1.57804692828431
2436,1.57921987640765
2437,1.57835016753752
2438,1.57304402052906
2439,1.56756465298433
2440,1.55856629133189
2441,1.54652422482628
2442,1.53327786492626
2443,1.5228009439436
2444,1.51308451150993
2445,1.50162724603481
2446,1.49274712099876
2447,1.48053095271197
2448,1.47440477012655
2449,1.46318189154716
2450,1.45484637328782
2451,1.44837371771178
2452,1.43897426222007
2453,1.43301998438666
2454,1.42694892170249
2455,1.42370106747699
2456,1.41846149525102
2457,1.41226565438948
2458,1.41310544997599
2459,1.41112675454346
2460,1.41458780579511
2461,1.41836434043571
2462,1.4307152815049
2463,1.44217032487771
2464,1.45864744168517
2465,1.47311907070276
2466,1.50142257474309
2467,1.52565388297646
2468,1.55208879258041
2469,1.57870801502728
2470,1.60517408857772
2471,1.63177124304507
2472,1.65657762235461
2473,1.67757959779973
2474,1.69568754514907
2475,1.7126811706703
2476,1.72500074207771
2477,1.72937730579126
2478,1.73422344276908
2479,1.73590080355053
2480,1.73661270148263
2481,1.73200126278499
2482,1.72814939431483
2483,1.72410656096526
2484,1.71530346117944
2485,1.70693618974298
2486,1.696949235515
2487,1.68883708690462
2488,1.67759527862371
2489,1.66727334936524
2490,1.65253874758999
2491,1.64121151479681
2492,1.62663144213794
2493,1.60807648261819
2494,1.58971025795998
2495,1.57156934892747
2496,1.55255966697957
2497,1.53817705083767
2498,1.52474178139338
2499,1.51226161050341
2500,1.51210155726543
2501,1.50907573661843
2502,1.51310038658279
2503,1.52887025544703
2504,1.54764732498275
2505,1.56900234269017
2506,1.59987011950918
2507,1.63351686531575
2508,1.66318276513624
2509,1.69712105819861
2510,1.72794756324878
2511,1.75514232206331
2512,1.77754724517354
2513,1.79864885359548
2514,1.81302819280244
2515,1.81940981982399
2516,1.81729377295576
2517,1.81540875041032
2518,1.8076102782857
2519,1.79726152267788
2520,1.7846636107376
2521,1.76995947668632
2522,1.75539052146372
2523,1.74013190750002
2524,1.7275777096534
2525,1.71343676714516
2526,1.70145840134261
2527,1.69207699880279
2528,1.67985872256689
2529,1.67289770616489
2530,1.66454391337378
2531,1.65733167442608
2532,1.64963407250277
2533,1.64280649289253
2534,1.63120178707626
2535,1.62018438268377
2536,1.61105335876175
2537,1.60172883767593
2538,1.59250110351877
2539,1.58205142862661
2540,1.57487888373374
2541,1.56814443507171
2542,1.56951568356616
2543,1.56709559184108
2544,1.56963825412565
2545,1.57985079357162
2546,1.59043378939184
2547,1.60323727659937
2548,1.61804462970281
2549,1.63985278246681
2550,1.66544221256844
2551,1.68720322147444
2552,1.71802256510005
2553,1.74051013323167
2554,1.76458363183688
2555,1.7859011950591
2556,1.80733944114346
2557,1.82387735293101
2558,1.83781020111971
2559,1.84782061372299
2560,1.85297337695104
2561,1.85270561887045
2562,1.84813625680476
2563,1.84071199314353
2564,1.82919466289568
2565,1.81406680070712
2566,1.79873666483438
2567,1.7849086489914
2568,1.76748138443904
2569,1.75363148452523
2570,1.73924615833727
2571,1.72927309781461
2572,1.72480401030346
2573,1.71750152705409
2574,1.71793095852747
2575,1.72214184745816
2576,1.72741035351092
2577,1.73228571965425
2578,1.74261361219815
2579,1.75234519724559
2580,1.75960852294769
2581,1.76990546970345
2582,1.784015281707
2583,1.78618650157347
2584,1.79589621171986
2585,1.80141241916282
2586,1.80814942048175
2587,1.81333792260122
2588,1.81794523866252
2589,1.82315285018307
2590,1.82884680281657
2591,1.83408840075006
2592,1.84946042148989
2593,1.85920254050276
2594,1.87505556540893
2595,1.89205200854696
2596,1.91326294853724
2597,1.93009777860552
2598,1.9506222398724
2599,1.9745028317167
2600,1.99028610825635
2601,2.00505106625388
2602,2.01049112741772
2603,2.01409983748429
2604,2.00814526355994
2605,1.9987616274842
2606,1.98851086580744
2607,1.96322192396948
2608,1.93518344158646
2609,1.90222564792398
2610,1.8711191863031
2611,1.83808951439619
2612,1.802592284864
2613,1.77495651294556
2614,1.74602927743478
2615,1.7242109182467
2616,1.70727637004301
2617,1.69840573936933
2618,1.70043620333239
2619,1.70935861188291
2620,1.72362369158847
2621,1.74294561998044
2622,1.76697752678159
2623,1.79738869493213
2624,1.82370712881494
2625,1.84943983385525
2626,1.87462407011917
2627,1.89571553415173
2628,1.91398333705492
2629,1.92391264859939
2630,1.93073051135864
2631,1.93291323995517
2632,1.93121738723768
2633,1.92613575945414
2634,1.92097815478439
2635,1.91433564029556
2636,1.90676884895943
2637,1.90037009410263
2638,1.89416242271495
2639,1.89126992286751
2640,1.89051885869378
2641,1.89296151490368
2642,1.89368235425595
2643,1.8984275638977
2644,1.89481198334156
2645,1.89737167781882
2646,1.89194448265684
2647,1.89189092913717
2648,1.88677036958541
2649,1.87475151009493
2650,1.86176327418581
2651,1.84614129206842
2652,1.82824566563118
2653,1.80273478248344
2654,1.78497032235682
2655,1.76070101541968
2656,1.73536807699678
2657,1.71700505381133
2658,1.69800650068515
2659,1.68556293090541
2660,1.67240225364685
2661,1.66742786746553
2662,1.66482031510214
2663,1.67271872095915
2664,1.69065911802799
2665,1.7106384233675
2666,1.73033618877245
2667,1.76006876674747
2668,1.79085910305269
2669,1.82194641925314
2670,1.85285735291376
2671,1.88722382452595
2672,1.91499290942546
2673,1.93792221144058
2674,1.95562086301623
2675,1.96894724969832
2676,1.97536261509162
2677,1.97994876635444
2678,1.97529696673681
2679,1.96393760543827
2680,1.95219762752555
2681,1.93679752177532
2682,1.92339531420499
2683,1.90694299912588
2684,1.89325087863719
2685,1.87791173591484
2686,1.86780063131945
2687,1.86062216536354
2688,1.8515726516479
2689,1.84634533972405
2690,1.84075421919433
2691,1.8364024289714
2692,1.83572820100802
2693,1.83032360152854
2694,1.8233969947864
2695,1.81365678143853
2696,1.80454397108014
2697,1.78964451063232
2698,1.77424360146506
2699,1.75539609369957
2700,1.73648443904077
2701,1.7124074987838
2702,1.69639343924827
2703,1.6794856520332
2704,1.66849524953919
2705,1.65779717029313
2706,1.65251576482353
2707,1.65076300534002
2708,1.66027830315476
2709,1.67015162359436
2710,1.68861408375069
2711,1.71087169428465
2712,1.73390041674813
2713,1.76232033299806
2714,1.78957891763114
2715,1.81720958723604
2716,1.83852028508524
2717,1.85649813229263
2718,1.86970322894917
2719,1.87616062003941
2720,1.87682032174483
2721,1.87179101374732
2722,1.86111129716845
2723,1.84449799564749
2724,1.82473336645121
2725,1.7994817605017
2726,1.77220212559998
2727,1.74440260070201
2728,1.71739828340554
2729,1.69365368608432
2730,1.67081786022934
2731,1.65042149011861
2732,1.63662539541316
2733,1.6253119698102
2734,1.61717992851885
2735,1.61192117338954
2736,1.61176897747624
2737,1.61369531926111
2738,1.61809863501246
2739,1.62130147171276
2740,1.62542311965496
2741,1.62970967737528
2742,1.63229846781537
2743,1.63297596134671
2744,1.63466285261232
2745,1.63437358750883
2746,1.63112029410425
2747,1.63012986287212
2748,1.62732286005833
2749,1.62552780681302
2750,1.62601050447176
2751,1.62671060781431
2752,1.62782772461629
2753,1.63260339439588
2754,1.64205520183443
2755,1.64802595233925
2756,1.6569326038091
2757,1.6644879693422
2758,1.67634105976767
2759,1.68646181046644
2760,1.69564785613965
2761,1.70154694194178
2762,1.70530880251749
2763,1.70573769999965
2764,1.70508228237931
2765,1.70005870977847
2766,1.6930568260161
2767,1.67928518450401
2768,1.66820867535308
2769,1.65003534611288
2770,1.63473726854232
2771,1.61352211981085
2772,1.59409258481842
2773,1.57053584809119
2774,1.55243567754257
2775,1.53314974213124
2776,1.51698219289315
2777,1.5046466563634
2778,1.49731799306639
2779,1.49493173719532
2780,1.49626266862863
2781,1.50007437616706
2782,1.51156923567242
2783,1.52098004850887
2784,1.53519303358477
2785,1.55561957662678
2786,1.57405113463925
2787,1.59092741390073
2788,1.60576332704983
2789,1.62060200889535
2790,1.62992620409192
2791,1.64062188433898
2792,1.64526773609059
2793,1.64790513371525
2794,1.64330667232857
2795,1.64292281713775
2796,1.63852462336101
2797,1.62997871645508
2798,1.62402669487801
2799,1.61845421495579
2800,1.61012834561215
2801,1.60565237349922
2802,1.60016929816681
2803,1.59544600967651
2804,1.59035555217604
2805,1.58275724153604
2806,1.57582375589666
2807,1.5640124278008
2808,1.55355838148472
2809,1.53615030416085
2810,1.51670416092243
2811,1.49961228485658
2812,1.4806008444254
2813,1.45542488383735
2814,1.43191656612127
2815,1.40788475515626
2816,1.38034932802257
2817,1.36122037628869
2818,1.33765941692437
2819,1.32360012934562
2820,1.31112165299927
2821,1.29980691692879
2822,1.29813579551777
2823,1.29493757756826
2824,1.29965361594473
2825,1.30733933569574
2826,1.31807066504705
2827,1.32974994887198
2828,1.34531379686537
2829,1.36132904296776
2830,1.37734632577475
2831,1.3923890655954
2832,1.4100796931425
2833,1.42767367962068
2834,1.44500670216434
2835,1.46312187842101
2836,1.47820402475283
2837,1.48919295156832
2838,1.50774925828506
2839,1.51729920230234
2840,1.52946727297865
2841,1.54059368487278
2842,1.54651992739591
2843,1.55232972348172
2844,1.55550031437097
2845,1.55722354080415
2846,1.55530512720276
2847,1.54924235607591
2848,1.54327813953945
2849,1.53298748955728
2850,1.52084476300934
2851,1.5104403398493
2852,1.49692254396983
2853,1.48517769210962
2854,1.47305728514343
2855,1.46001488915937
2856,1.45076503190875
2857,1.44185519094363
2858,1.43555322474995
2859,1.43281420131345
2860,1.42985020966639
2861,1.43120766122198
2862,1.43309912936982
2863,1.43941737906633
2864,1.44731139199824
2865,1.45392397660266
2866,1.46193290051049
2867,1.47207150042798
2868,1.4805178899405
2869,1.49064478800837
2870,1.49829763651999
2871,1.50625942597658
2872,1.51321564840105
2873,1.52164051268016
2874,1.52725367650135
2875,1.53350109304234
2876,1.541726124078
2877,1.548303536833
2878,1.5561623282129
2879,1.56530620584891
2880,1.57182932608389
2881,1.58269944319575
2882,1.59031080258658
2883,1.59655775900303
2884,1.60134428070909
2885,1.60481235462699
2886,1.60445818578107
2887,1.60497678652086
2888,1.60108448030614
2889,1.59197151268016
2890,1.58343800585809
2891,1.57067140086703
2892,1.56021454073879
2893,1.54674354204327
2894,1.53396043672555
2895,1.52020206675022
2896,1.50730082253475
2897,1.49764029154257
2898,1.48825236698734
2899,1.4856788057836
2900,1.48354507378485
2901,1.48275166913544
2902,1.4890932530473
2903,1.49446283586082
2904,1.50183562958388
2905,1.5156649935742
2906,1.52811425574977
2907,1.54501138750889
2908,1.56039642468482
2909,1.57500113980223
2910,1.59747153786835
2911,1.61174872496507
2912,1.63239768223696
2913,1.64691472594342
2914,1.66694124856166
2915,1.68349531526293
2916,1.69872815806555
2917,1.7144562026374
2918,1.72663285779341
2919,1.73489876598056
2920,1.74220502553302
2921,1.74955747809096
2922,1.75700344187835
2923,1.75525289178122
2924,1.75925091200062
2925,1.75895636967899
2926,1.75830353594402
2927,1.75922255809437
2928,1.76310003216371
2929,1.76575788666385
2930,1.77032061459336
2931,1.77833419334794
2932,1.78404234516638
2933,1.79420289307324
2934,1.80680426052309
2935,1.81371613351279
2936,1.8260649567941
2937,1.83237054819787
2938,1.83750111095819
2939,1.83806252618554
2940,1.83889459667699
2941,1.83623845534282
2942,1.83174892250463
2943,1.82599026313293
2944,1.81885243381152
2945,1.81316179375738
2946,1.80226080994353
2947,1.80327774487365
2948,1.80124659041929
2949,1.80608420916457
2950,1.81892694573287
2951,1.83605502855207
2952,1.85446321548432
2953,1.88390290633806
2954,1.91096125858112
2955,1.933754281503
2956,1.96802143047175
2957,1.99293090094695
2958,2.01710567506773
2959,2.03247908715451
2960,2.04401728396444
2961,2.04524405081566
2962,2.04429978776078
2963,2.03330464095434
2964,2.01564752300627
2965,1.99847033381727
2966,1.97275322653298
2967,1.94723022033697
2968,1.91806862105417
2969,1.8886662636158
2970,1.86545054899285
2971,1.84360901471253
2972,1.82623204604036
2973,1.8141072056816
2974,1.80716073398984
2975,1.80288763589839
2976,1.80350088559116
2977,1.80582585795586
2978,1.81227660928666
2979,1.81658105960106
2980,1.82201140771316
2981,1.82549176507557
2982,1.82930410625554
2983,1.8272830999075
2984,1.82268951773337
2985,1.81691514277125
2986,1.80670177413613
2987,1.79389753510545
2988,1.78374249203257
2989,1.77420119209689
2990,1.76691705280756
2991,1.75775847564552
2992,1.75766049479989
2993,1.76409937461306
2994,1.76604260373854
2995,1.77914311609497
2996,1.79388882420192
2997,1.81258792318862
2998,1.83226865209986
2999,1.85622421268125
3000,1.87322879070981
3001,1.89553556733692
3002,1.91154990923564
3003,1.92636697953411
3004,1.93421229719347
3005,1.93814466743749
3006,1.93815356313695
3007,1.93336146757117
3008,1.92368740685555
3009,1.90944417773307
3010,1.89163115257563
3011,1.87421724805465
3012,1.85710242733008
3013,1.83990562225683
3014,1.82423283769066
3015,1.81130918918831
3016,1.79891957358136
3017,1.79091544329853
3018,1.78412094327472
3019,1.78495646192707
3020,1.78779150816335
3021,1.79408098187842
3022,1.80826532733206
3023,1.81926174042804
3024,1.83274423777982
3025,1.85599446890771
3026,1.87277469498215
3027,1.89531935521892
3028,1.90975890711064
3029,1.92847405554629
3030,1.94645537114752
3031,1.95548552078828
3032,1.96599551396584
3033,1.97606857049428
3034,1.97599271803445
3035,1.98390101246212
3036,1.98425353463173
3037,1.98067678225793
3038,1.9813370811928
3039,1.98175053066872
3040,1.98125044073149
3041,1.98776052489402
3042,1.99545085020171
3043,2.01185024644923
3044,2.02164748948535
3045,2.04813672440397
3046,2.06939022227628
3047,2.09678451041558
3048,2.12512452569745
3049,2.1491891442709
3050,2.17001682169797
3051,2.19411235286969
3052,2.20318631423051
3053,2.21142543667775
3054,2.20383767882916
3055,2.19609271658983
3056,2.17905231056647
3057,2.15161771681716
3058,2.1267586157409
3059,2.09254913089816
3060,2.0577324627773
3061,2.02558688026396
3062,1.99405499798251
3063,1.9733503549919
3064,1.95395564093037
3065,1.94423875965809
3066,1.9407587315952
3067,1.94639378823693
3068,1.95879024770041
3069,1.97715240397798
3070,1.99732115234609
3071,2.02155606388319
3072,2.04328848216353
3073,2.05608781959721
3074,2.06635718132566
3075,2.07499431727094
3076,2.07601999980119
3077,2.06941519115126
3078,2.05381406806267
3079,2.03457718865489
3080,2.01157026383591
3081,1.98228890178949
3082,1.95585663097985
3083,1.93075106695282
3084,1.90473823661181
3085,1.88423697076426
3086,1.86951242287712
3087,1.8589464170539
3088,1.85352553449191
3089,1.85540071827682
3090,1.85828013634382
3091,1.86332873317381
3092,1.8711113292957
3093,1.87809947625579
3094,1.8844300786428
3095,1.88645347286107
3096,1.88335926772844
3097,1.87942681898603
3098,1.86807736868194
3099,1.85367303560318
3100,1.83338295970026
3101,1.81630518432148
3102,1.79170908496469
3103,1.76764691755874
3104,1.74606333312006
3105,1.72674378213398
3106,1.70835337495878
3107,1.69747802418355
3108,1.69025238235209
3109,1.68810216661753
3110,1.69267239817419
3111,1.69923079467818
3112,1.70776835595959
3113,1.72272865090318
3114,1.74004039311252
3115,1.75783598737088
3116,1.77426299895505
3117,1.79131331359509
3118,1.80510066119017
3119,1.81601928881089
3120,1.82361284847246
3121,1.82839409497606
3122,1.83050129495661
3123,1.83258719915113
3124,1.82694690289628
3125,1.82233682049616
3126,1.81406746468043
3127,1.80747195325037
3128,1.8006028775267
3129,1.79186900040682
3130,1.78237180742985
3131,1.77902484238074
3132,1.77618561795238
3133,1.77289010389056
3134,1.76910708438396
3135,1.77382176289418
3136,1.77955841328873
3137,1.78937449926026
3138,1.80049793575743
3139,1.81078235804618
3140,1.82343066199071
3141,1.83697447570968
3142,1.85110484803555
3143,1.86194901516112
3144,1.87386635879457
3145,1.88180766785446
3146,1.89181925217689
3147,1.89359500792933
3148,1.8959843052311
3149,1.89235953516035
3150,1.88318549548842
3151,1.87613751485283
3152,1.86426318763539
3153,1.85356840182305
3154,1.84500654301462
3155,1.83596733024379
3156,1.83472087682481
3157,1.83722516881233
3158,1.84289118464429
3159,1.85903485887248
3160,1.87444635744218
3161,1.8974391532974
3162,1.92223301234814
3163,1.94694099947467
3164,1.97952410799053
3165,2.0002556077222
3166,2.02526590552193
3167,2.03814643773627
3168,2.0424595478217
3169,2.04594213260378
3170,2.03926002431653
3171,2.02275702539676
3172,1.9990224003544
3173,1.9653468070332
3174,1.93492757616831
3175,1.89896747684487
3176,1.86456728554254
3177,1.82994279731784
3178,1.79922741383798
3179,1.77255610594358
3180,1.75272416932705
3181,1.73563250287643
3182,1.72706183225796
3183,1.71982573430503
3184,1.71747915898528
3185,1.71736257894633
3186,1.71778789284488
3187,1.71744026690326
3188,1.71421209812691
3189,1.71028428303864
3190,1.69926933344686
3191,1.68190577435417
3192,1.66684454183675
3193,1.646975605492
3194,1.62707322897438
3195,1.60316097886226
3196,1.58241128708678
3197,1.56358849417107
3198,1.54839257102398
3199,1.53642769842357
3200,1.53026707603507
3201,1.52600904850801
3202,1.52771389587009
3203,1.53227290413705
3204,1.54003449992251
3205,1.54755031386779
3206,1.55748001164545
3207,1.56419651741361
3208,1.56978772411069
3209,1.57212928832208
3210,1.57250182709809
3211,1.56859887461469
3212,1.56558543955605
3213,1.5547561471397
3214,1.54601097938147
3215,1.53294814534893
3216,1.52003104032497
3217,1.50961914873226
3218,1.49825815452264
3219,1.48873847763067
3220,1.48020575051068
3221,1.47470278616933
3222,1.46986619712773
3223,1.46891555275141
3224,1.46809124260944
3225,1.46713729755621
3226,1.46834237751957
3227,1.46950797118174
3228,1.47113474368698
3229,1.47142572195855
3230,1.473311403045
3231,1.47550864759527
3232,1.4774540379651
3233,1.47925454931223
3234,1.4828992080055
3235,1.48882167075343
3236,1.49205215309728
3237,1.5005297595217
3238,1.50563343026892
3239,1.51335278768486
3240,1.52351473361378
3241,1.53350117129099
3242,1.54314633350425
3243,1.55540016932301
3244,1.56396325363302
3245,1.57384322597841
3246,1.58038392907664
3247,1.58812645075681
3248,1.5954866019722
3249,1.60024987278838
3250,1.60501360199459
3251,1.60833878295832
3252,1.61515444353144
3253,1.62092269775887
3254,1.62868537320007
3255,1.63567805692893
3256,1.64581140060739
3257,1.65569176669999
3258,1.66751597639188
3259,1.67598081378395
3260,1.68450352933971
3261,1.69144617061986
3262,1.69494731717842
3263,1.69657953864133
3264,1.69266175757325
3265,1.68453456354004
3266,1.67265485662491
3267,1.65882628927056
3268,1.64013042825093
3269,1.6233300330129
3270,1.60493879390572
3271,1.58675531112397
3272,1.57097730541057
3273,1.56054365841052
3274,1.55233031111975
3275,1.54897907320083
3276,1.55011902549072
3277,1.55590291211806
3278,1.56565456984338
3279,1.57644029738256
3280,1.59204201888852
3281,1.6045650202167
3282,1.61766634474935
3283,1.6288514018539
3284,1.63666236416181
3285,1.64047645952753
3286,1.64317827448355
3287,1.64213116739147
3288,1.63636387521619
3289,1.63125268032238
3290,1.62544975777048
3291,1.61768349128755
3292,1.6120007793968
3293,1.60858018672293
3294,1.60586824175751
3295,1.60498996761219
3296,1.60576455728884
3297,1.60841181938385
3298,1.61118134764542
3299,1.61383339763067
3300,1.61684729789424
3301,1.61752988841787
3302,1.619177282206
3303,1.61392552313413
3304,1.61164050484564
3305,1.60752502521377
3306,1.6040873475042
3307,1.59784214491496
3308,1.59855224107697
3309,1.59652366337605
3310,1.59812435929696
3311,1.60159474958109
3312,1.61193181223982
3313,1.61999405397282
3314,1.636208571823
3315,1.6548044469524
3316,1.67332816646053
3317,1.6914741961862
3318,1.70869281225238
3319,1.72160984380257
3320,1.73763830211472
3321,1.74433579098396
3322,1.75314498727834
3323,1.75360810212636
3324,1.75877739303192
3325,1.75580672467713
3326,1.75488238593763
3327,1.75703644391174
3328,1.75703276427203
3329,1.76140450954738
3330,1.7707653733685
3331,1.78090494490039
3332,1.79351845242309
3333,1.80992983703876
3334,1.83035574385533
3335,1.84798039558058
3336,1.86302209154032
3337,1.87849772875603
3338,1.88856822267839
3339,1.89359967030951
3340,1.89449546884478
3341,1.88964989849778
3342,1.87989819182733
3343,1.86478579546747
3344,1.84166081728375
3345,1.8154949929446
3346,1.7921254918668
3347,1.76687526958613
3348,1.74138275586363
3349,1.71753060774972
3350,1.69876896109558
3351,1.68330333440513
3352,1.67311301942277
3353,1.66783563724013
3354,1.66698280349744
3355,1.66857905437537
3356,1.67371923161069
3357,1.67998556004387
3358,1.68524011113961
3359,1.69164208570079
3360,1.69130888015932
3361,1.69236581527203
3362,1.69082590662801
3363,1.68599512805792
3364,1.68132418279832
3365,1.67164021214474
3366,1.66264039285184
3367,1.65710471388873
3368,1.64736515434045
3369,1.6444538425419
3370,1.6424329388001
3371,1.64537722115037
3372,1.65022397463513
3373,1.66393442421146
3374,1.67741206169834
3375,1.68739625924898
3376,1.69977319886005
3377,1.71133511436251
3378,1.72380623022374
3379,1.73097026560769
3380,1.72919023937103
3381,1.7271946694404
3382,1.71540617317394
3383,1.70336753455838
3384,1.68200701931847
3385,1.66517858029857
3386,1.64498003167349
3387,1.61768360186177
3388,1.59092380899814
3389,1.57165668533645
3390,1.55007179191634
3391,1.53242711794531
3392,1.52135905167441
3393,1.50902442798053
3394,1.50307787889993
3395,1.50126476781991
3396,1.50094803015894
3397,1.50763929509333
3398,1.51693915811873
3399,1.52464235106392
3400,1.54043022626836
3401,1.55512009135465
3402,1.57363241302201
3403,1.59410005909589
3404,1.615183506244
3405,1.63939784930663
3406,1.66065965343833
3407,1.68872292785319
3408,1.71398730756454
3409,1.73718651307621
3410,1.76537461138488
3411,1.78688463500386
3412,1.80777548277203
3413,1.82983795969147
3414,1.84408239278548
3415,1.85310449243533
3416,1.86204968837515
3417,1.86992591171005
3418,1.87286407703251
3419,1.87837414547372
3420,1.88084947392973
3421,1.88350365956629
3422,1.88865862562586
3423,1.89432742306194
3424,1.9077840054423
3425,1.91841670774238
3426,1.93423575038471
3427,1.95203991339916
3428,1.96695014234548
3429,1.9847903540267
3430,2.00163378600731
3431,2.01166297354704
3432,2.02226679089058
3433,2.02649179986565
3434,2.02155773153777
3435,2.01556486496927
3436,2.00048672840478
3437,1.98024901384643
3438,1.95776420737444
3439,1.93125506473742
3440,1.90647826600409
3441,1.89030481615737
3442,1.87202749611939
3443,1.85931400615552
3444,1.85594565657648
3445,1.8544900284333
3446,1.86488050640004
3447,1.87930960084547
3448,1.89808969293561
3449,1.92024198358208
3450,1.94210820177062
3451,1.97027101812966
3452,1.98720151580701
3453,2.0052242734299
3454,2.01586953237612
3455,2.01552347175871
3456,2.01273319346426
3457,2.00014081461583
3458,1.9794048564261
3459,1.95836804837157
3460,1.93056770821223
3461,1.90346671945569
3462,1.87647487802779
3463,1.85001316499179
3464,1.82693127307568
3465,1.80874697737401
3466,1.79739015255462
3467,1.78654567581425
3468,1.77863967400599
3469,1.77728798835805
3470,1.77409446949277
3471,1.77344569712567
3472,1.77413976326578
3473,1.77210648007667
3474,1.76763137281332
3475,1.75590016573193
3476,1.74479626107036
3477,1.72325243565892
3478,1.70381220757346
3479,1.67764199592465
3480,1.65690169668171
3481,1.63126754308698
3482,1.60908555439929
3483,1.59156507904015
3484,1.57721225221598
3485,1.56613146126332
3486,1.56223838442808
3487,1.56580028901427
3488,1.57242279102189
3489,1.58459733366489
3490,1.59844500821934
3491,1.6183507674584
3492,1.63615459369309
3493,1.65562000496355
3494,1.66604343914479
3495,1.6779618401697
3496,1.68591469648873
3497,1.6862952412995
3498,1.68492558157622
3499,1.67888061426201
3500,1.66862409026094
3501,1.65893175905755
3502,1.64284969908585
3503,1.62636769711515
3504,1.61362406974086
3505,1.59808732243673
3506,1.58776574905144
3507,1.57554116852182
3508,1.56377513611674
3509,1.55692317750782
3510,1.55115820404319
3511,1.54695225560173
3512,1.54304692717375
3513,1.54562045920174
3514,1.54650695359779
3515,1.54934612992906
3516,1.55721143380509
3517,1.56588515559274
3518,1.57479484423979
3519,1.58626196885347
3520,1.60097253409184
3521,1.62003436076147
3522,1.64009800994656
3523,1.6589823602067
3524,1.68550647160867
3525,1.70401407736767
3526,1.72655900720035
3527,1.75005602498885
3528,1.77199869810969
3529,1.78491832571326
3530,1.8002910666987
3531,1.81245369528779
3532,1.81820313299817
3533,1.8284365788145
3534,1.83562926947494
3535,1.84251573404949
3536,1.84585968127465
3537,1.85369302439092
3538,1.86653963047684
3539,1.87871801584699
3540,1.89320010938586
3541,1.90737309874919
3542,1.92772994203835
3543,1.9482566263667
3544,1.95953593085054
3545,1.97478440937202
3546,1.97962030837306
3547,1.98315726037405
3548,1.97798111434539
3549,1.97105142872202
3550,1.9475837780802
3551,1.92650855439385
3552,1.89523723422748
3553,1.86258295493158
3554,1.82579321532986
3555,1.78809154824892
3556,1.75508709390221
3557,1.72398446439426
3558,1.69630546592316
3559,1.67724813270578
3560,1.66338956974531
3561,1.65855692019063
3562,1.6597175086409
3563,1.66559602781365
3564,1.67632735478074
3565,1.68712245920003
3566,1.69879041005457
3567,1.71097507582997
3568,1.72177590895165
3569,1.72891275648771
3570,1.73166369021103
3571,1.73037572063604
3572,1.72777956851953
3573,1.71893940678847
3574,1.71236364158336
3575,1.70262064167016
3576,1.69555514921766
3577,1.69053144341083
3578,1.68477697288992
3579,1.68490085617938
3580,1.68596385213727
3581,1.69355184564638
3582,1.69781596117936
3583,1.70598496382513
3584,1.71161614227615
3585,1.7159209411772
3586,1.71831967269706
3587,1.71660394278617
3588,1.71166017782433
3589,1.70207472796004
3590,1.68677064023898
3591,1.66999443389361
3592,1.64724442055737
3593,1.61949932640231
3594,1.59210112102284
3595,1.56800476062501
3596,1.54190768002598
3597,1.52055543313078
3598,1.50294520524469
3599,1.48789337726039
3600,1.47950557581195
3601,1.47652167078239
3602,1.47589749608811
3603,1.48122365492268
3604,1.49101305311406
3605,1.49959863859031
3606,1.51234995675022
3607,1.52305797885977
3608,1.53426199668767
3609,1.54434131116894
3610,1.55519458044024
3611,1.56122533562439
3612,1.56884460008629
3613,1.57656214817494
3614,1.57922670773308
3615,1.58620638137002
3616,1.59461707092221
3617,1.60323834601131
3618,1.61179566531033
3619,1.62229763261504
3620,1.63363716790088
3621,1.64526912358256
3622,1.65750409977313
3623,1.66759096811858
3624,1.67485342791824
3625,1.67797319413159
3626,1.67984992901895
3627,1.67411261104813
3628,1.66888220798363
3629,1.65874784663505
3630,1.64693709774052
3631,1.63046050619947
3632,1.61624067342739
3633,1.60313424804998
3634,1.58908399093709
3635,1.57813480856425
3636,1.57194131128855
3637,1.56882880983217
3638,1.56738378261478
3639,1.57172583046931
3640,1.57657761658099
3641,1.5866450847731
3642,1.593926395854
3643,1.6029791109077
3644,1.60953875878257
3645,1.61487342442209
3646,1.61941939208709
3647,1.6179470397794
3648,1.61956045103984
3649,1.61641824644257
3650,1.61338340923301
3651,1.60872407031226
3652,1.60651357575343
3653,1.60669779268178
3654,1.60857763569748
3655,1.61337457428254
3656,1.62408057777448
3657,1.63346435083047
3658,1.64748201183813
3659,1.66185266333116
3660,1.67313775923172
3661,1.68626798252401
3662,1.69456087833194
3663,1.69540294201886
3664,1.69678848738056
3665,1.69457491680448
3666,1.68338681066163
3667,1.66947043677408
3668,1.65016871169309
3669,1.63008494748154
3670,1.60375345764982
3671,1.58266606257442
3672,1.56162919306777
3673,1.54017177158809
3674,1.52490592691673
3675,1.51089047656558
3676,1.49791151618992
3677,1.49115183678092
3678,1.48971304571982
3679,1.48548095865082
3680,1.48979595377654
3681,1.48954830851182
3682,1.49471723709422
3683,1.49942425627057
3684,1.50818317929971
3685,1.51437130418894
3686,1.52308567073138
3687,1.53864837437518
3688,1.54554072879356
3689,1.56360703812976
3690,1.5816318711179
3691,1.60507409060825
3692,1.62951283255433
3693,1.65748255724139
3694,1.68661392130438
3695,1.71886149851926
3696,1.75012449991293
3697,1.78091074895267
3698,1.80833583675941
3699,1.83432953837895
3700,1.85203371004163
3701,1.8693978408909
3702,1.87875877498706
3703,1.88695288302865
3704,1.88339874955542
3705,1.88222266987483
3706,1.87435977977883
3707,1.87022869030404
3708,1.860231216494
3709,1.84939261737856
3710,1.84686546277731
3711,1.84248528718807
3712,1.83872077203561
3713,1.83992893777621
3714,1.84197209260219
3715,1.84415829597515
3716,1.84904550968985
3717,1.85142169416885
3718,1.85762714812305
3719,1.8559724415299
3720,1.85549627288867
3721,1.84892946797001
3722,1.83989520677481
3723,1.82957127786683
3724,1.81721972745738
3725,1.80152015424051
3726,1.78854134684285
3727,1.77680171048382
3728,1.77222491229684
3729,1.76626426031746
3730,1.76942599560247
3731,1.78061568268644
3732,1.79749612024507
3733,1.8132453667891
3734,1.84014220397836
3735,1.86742608684425
3736,1.89818048655797
3737,1.92949546587491
3738,1.95830794943529
3739,1.98067965674788
3740,1.99795143034243
3741,2.00390450789202
3742,2.01236459415062
3743,2.00629441142178
3744,1.99011673281176
3745,1.96900240215592
3746,1.94622364877243
3747,1.91483668521769
3748,1.88779305292237
3749,1.86092226234664
3750,1.83443323730684
3751,1.80948882818517
3752,1.79206457802121
3753,1.77669859781145
3754,1.76844437634622
3755,1.76335971039944
3756,1.75726209723711
3757,1.75654759010738
3758,1.75430707954432
3759,1.75248358560948
3760,1.74489082263165
3761,1.74179161415886
3762,1.7283160630911
3763,1.71272080528873
3764,1.69534695523419
3765,1.67879354023939
3766,1.65132110871489
3767,1.63233460236097
3768,1.60961485238006
3769,1.59648226878948
3770,1.58209170042175
3771,1.57105469381684
3772,1.56895527449245
3773,1.56978663071389
3774,1.57790049272076
3775,1.58925843692133
3776,1.60292762922267
3777,1.62036630337257
3778,1.63464566972528
3779,1.65184044102576
3780,1.67138139128047
3781,1.68619278405877
3782,1.69699483774748
3783,1.70951389739456
3784,1.71951058818574
3785,1.72649524655655
3786,1.72744561841261
3787,1.73155270833329
3788,1.7326712505951
3789,1.73779353278349
3790,1.73513645780192
3791,1.73588348341463
3792,1.73773832253178
3793,1.73825538319833
3794,1.73355494121335
3795,1.73534252855356
3796,1.73733922868471
3797,1.73693518788179
3798,1.73598271954606
3799,1.73990924612703
3800,1.73849798031066
3801,1.74740083028181
3802,1.75671421405596
3803,1.76828682709802
3804,1.78645814502793
3805,1.80541446755453
3806,1.83086108010657
3807,1.85485934461545
3808,1.88402278720531
3809,1.91570775507995
3810,1.94038165027307
3811,1.96786466954612
3812,1.99355816464504
3813,2.01778756870496
3814,2.03162305561254
3815,2.04313154335116
3816,2.05493232182909
3817,2.0553014546308
3818,2.05744074919353
3819,2.05289069768677
3820,2.05390388110797
3821,2.04942759430543
3822,2.05056081752146
3823,2.05299701435407
3824,2.05646747305138
3825,2.06478417816022
3826,2.0759430910297
3827,2.09568095958909
3828,2.1070385737783
3829,2.12510283368273
3830,2.13707203293554
3831,2.15066282573197
3832,2.15623281762039
3833,2.16317973711351
3834,2.15444502194764
3835,2.15092072434997
3836,2.12653645842015
3837,2.09895192127424
3838,2.06733934989098
3839,2.03519900142602
3840,1.99783572846131
3841,1.96240787089339
3842,1.92832774121884
3843,1.90363741062212
3844,1.88225462730718
3845,1.86926856526498
3846,1.87036093208842
3847,1.87885901132415
3848,1.89176769520795
3849,1.9184314846754
3850,1.94122041750616
3851,1.97376451194252
3852,2.00638344123941
3853,2.03115533280665
3854,2.05996560105371
3855,2.07790297199246
3856,2.09121045649644
3857,2.09125962014895
3858,2.0847985356915
3859,2.07200155156359
3860,2.04838905161742
3861,2.02621251192787
3862,1.99867873875592
3863,1.96849386904914
3864,1.94351773165262
3865,1.91656119937397
3866,1.89878792350689
3867,1.88085413346944
3868,1.87063839879557
3869,1.86017578141503
3870,1.85507653027481
3871,1.85783510610676
3872,1.85314699906462
3873,1.85151931918981
3874,1.84710558085444
3875,1.84207071893986
3876,1.82796734475937
3877,1.8113633661976
3878,1.7879622327472
3879,1.76481143617442
3880,1.7287651021416
3881,1.70130185247097
3882,1.66718817079633
3883,1.63498787579373
3884,1.60341841221718
3885,1.57968182581861
3886,1.55956794895274
3887,1.54477349480988
3888,1.53601046973814
3889,1.53179210120749
3890,1.53679181817534
3891,1.5470310285999
3892,1.55790970464856
3893,1.57537065692038
3894,1.59889616684293
3895,1.61887562793231
3896,1.64110775807736
3897,1.66415990061667
3898,1.69196371773706
3899,1.71079269494005
3900,1.73709228008958
3901,1.75930511952559
3902,1.77762633355071
3903,1.79735588166302
3904,1.81559426254965
3905,1.83183762995198
3906,1.84195618509174
3907,1.85134662891016
3908,1.85973585188305
3909,1.8636279620087
3910,1.86700039509077
3911,1.86853038772404
3912,1.86454443872325
3913,1.86201509978348
3914,1.85754917535665
3915,1.8529448205687
3916,1.85049526995192
3917,1.84966348056478
3918,1.85156729948531
3919,1.85362875465532
3920,1.8620300583119
3921,1.8684850831083
3922,1.87912842446368
3923,1.8911630476328
3924,1.90489172887481
3925,1.91578866084883
3926,1.9208715431419
3927,1.9282979435246
3928,1.93542386725907
3929,1.93148793843512
3930,1.92597824113879
3931,1.91911200635171
3932,1.9087708365951
3933,1.89702071090833
3934,1.88353571811991
3935,1.87388506528973
3936,1.87035847987864
3937,1.86297625267262
3938,1.86771703571682
3939,1.8752002865489
3940,1.88850887077893
3941,1.90555024756464
3942,1.92631536126758
3943,1.95569015199415
3944,1.97675944079837
3945,1.99809460848218
3946,2.01908963942399
3947,2.03610568295101
3948,2.04353225440365
3949,2.04357396030264
3950,2.0344661681027
3951,2.01759405799416
3952,1.99022020170878
3953,1.96708542642708
3954,1.93573877041122
3955,1.89767182954552
3956,1.85932869791908
3957,1.82431369968054
3958,1.79167850647106
3959,1.76221320370912
3960,1.74446246929131
3961,1.72882251326405
3962,1.72124843638841
3963,1.72050470099676
3964,1.72520563042085
3965,1.72998028731143
3966,1.74375502366262
3967,1.75717677695646
3968,1.76463731624135
3969,1.77009009800002
3970,1.77273118413808
3971,1.77381729965784
3972,1.76646125558399
3973,1.75494526600683
3974,1.73958076520107
3975,1.72119693159922
3976,1.70032739263348
3977,1.67751496225716
3978,1.65648543444245
3979,1.64224129110463
3980,1.62610758137169
3981,1.61292738998152
3982,1.60670059178328
3983,1.60614554241319
3984,1.60304792006661
3985,1.60346760635346
3986,1.60509607517976
3987,1.60668387740556
3988,1.60491278591774
3989,1.60399000739267
3990,1.59949058056117
3991,1.58731118213735
3992,1.57751793436111
3993,1.55946644014472
3994,1.54247342402409
3995,1.52731977392582
3996,1.50573223917487
3997,1.48708223034754
3998,1.47063037908385
3999,1.456674456661
4000,1.44591891376953
4001,1.43653450106403
4002,1.43163505017838
4003,1.43168604767079
4004,1.43463322024273
4005,1.4364679245882
4006,1.44495675875302
4007,1.45164162808423
4008,1.46518171104318
4009,1.47655685469069
4010,1.49110163104675
4011,1.50271580120195
4012,1.51743329834563
4013,1.53336291870297
4014,1.54930818731672
4015,1.56868735974082
4016,1.5858112278401
4017,1.60847128349425
4018,1.63042706790134
4019,1.65126230746888
4020,1.67494399366806
4021,1.6971356585097
4022,1.71778045652676
4023,1.73390895888741
4024,1.74646422615749
4025,1.75769555459425
4026,1.76423312655832
4027,1.76608149506922
4028,1.76083091718363
4029,1.75569930984259
4030,1.74689502367468
4031,1.73767643127145
4032,1.72764628870453
4033,1.7184572870858
4034,1.71034847282053
4035,1.70363276114934
4036,1.69587477747224
4037,1.69151924586975
4038,1.68952289108335
4039,1.68726316391174
4040,1.68288336112266
4041,1.67985879907065
4042,1.67567708740587
4043,1.66793311756274
4044,1.65600131276213
4045,1.64203927974859
4046,1.62655225739527
4047,1.60316840383472
4048,1.58210301833828
4049,1.56192356762388
4050,1.54195424305365
4051,1.52106777758107
4052,1.50598270413961
4053,1.49582471557888
4054,1.4897638044403
4055,1.4905089132853
4056,1.49516018623685
4057,1.50529697618002
4058,1.51983423923881
4059,1.53821766221367
4060,1.55788264700845
4061,1.57601245727656
4062,1.59488409324984
4063,1.6091332825327
4064,1.61957311873065
4065,1.6260541392931
4066,1.62773383132562
4067,1.62471278449733
4068,1.61659620018803
4069,1.60547871197733
4070,1.59001382784451
4071,1.57509595454657
4072,1.55912123562532
4073,1.54198750165701
4074,1.5266461148564
4075,1.51198251397533
4076,1.49828303434976
4077,1.49021210696579
4078,1.48139397129013
4079,1.47465305801368
4080,1.4694119417505
4081,1.46539343006251
4082,1.46081228726102
4083,1.45679052215728
4084,1.45314208211859
4085,1.44775174897212
4086,1.44378291116464
4087,1.43896182762903
4088,1.43527094402955
4089,1.4308848174656
4090,1.42934568321836
4091,1.4309632923813
4092,1.43300454790799
4093,1.4396576458178
4094,1.44695989054462
4095,1.45886903132303
4096,1.4722187775404
4097,1.48540249902371
4098,1.49896732283565
4099,1.5113415686483
4100,1.5241573932572
