1,1.54917960390724
2,1.61073068900819
3,1.6834659223744
4,1.76440840425351
5,1.84915790399309
6,1.93360950627911
7,2.01088902592649
8,2.07895991359435
9,2.12942979471715
10,2.15927878749859
11,2.1691400844448
12,2.15155756696375
13,2.11118635818701
14,2.04896380025757
15,1.96616627961264
16,1.86813397920574
17,1.7610976575826
18,1.64836763907956
19,1.53762046679373
20,1.43319699208703
21,1.3404548838319
22,1.26295350952264
23,1.20291132308073
24,1.16221509570291
25,1.1408690551882
26,1.13659538310983
27,1.14868187064684
28,1.17372925653093
29,1.20843715316411
30,1.25021920548631
31,1.29569642067671
32,1.34425942739816
33,1.3909290975419
34,1.43769195055304
35,1.48311649558914
36,1.5247166437338
37,1.56505677395571
38,1.60445333640908
39,1.63930235689389
40,1.67449686896568
41,1.70713571600998
42,1.73712004229137
43,1.76587844847203
44,1.79198173587587
45,1.8156156583091
46,1.83661313331658
47,1.8550898444024
48,1.87121995109333
49,1.88439279658369
50,1.89514694947356
51,1.90380743400648
52,1.90916362335078
53,1.91166878209939
54,1.91040677662745
55,1.90448260605838
56,1.89289375545728
57,1.87374388042335
58,1.84766730658543
59,1.8114510201203
60,1.76502107486005
61,1.71058259462831
62,1.64486158477611
63,1.57161041523777
64,1.49424083843276
65,1.41305680127318
66,1.33382345205493
67,1.26141641035576
68,1.19908298454251
69,1.15195862247026
70,1.12436619627159
71,1.11882694322851
72,1.13780630093014
73,1.18072274750683
74,1.24837694305868
75,1.33696691938987
76,1.4421615684218
77,1.56122941357462
78,1.6859787310614
79,1.81152597528954
80,1.93116450882883
81,2.03956387346963
82,2.13098328113944
83,2.20187376819571
84,2.24933346647206
85,2.27419646147507
86,2.27377396772253
87,2.25341255702122
88,2.21671145465254
89,2.16524155597873
90,2.10887857236286
91,2.0511543503023
92,1.99771828929777
93,1.95528623906897
94,1.92705363824874
95,1.91623187241358
96,1.92391086815807
97,1.94902463431601
98,1.990468496569
99,2.04161017657267
100,2.09827455712115
101,2.15367820315711
102,2.19930917682948
103,2.22933391949947
104,2.23696176371186
105,2.21827655240854
106,2.17054247843763
107,2.09386157523535
108,1.99346242516039
109,1.8727594013437
110,1.7416947058528
111,1.61169264871017
112,1.49109832225185
113,1.3927374368193
114,1.3255219449416
115,1.2964625913675
116,1.3093839946557
117,1.36515114475805
118,1.46096110561806
119,1.59046430463974
120,1.74425494548784
121,1.91308829887987
122,2.08549367877996
123,2.24813182643384
124,2.3943137962793
125,2.51314219243589
126,2.59821115978321
127,2.64794002944835
128,2.6589850275066
129,2.63403991889272
130,2.57598411285009
131,2.49019927111152
132,2.384364755374
133,2.26367859620338
134,2.13712203326633
135,2.01307679303963
136,1.8942003170545
137,1.78993805046156
138,1.70189352872291
139,1.63295812607567
140,1.58427944612741
141,1.55462431586723
142,1.54349111237898
143,1.54640910180005
144,1.56039720820937
145,1.58385322594685
146,1.60922731006524
147,1.63604978735556
148,1.66166946246672
149,1.68163608983719
150,1.696484401813
151,1.70541894969117
152,1.70783245507643
153,1.70423469481403
154,1.69699511127283
155,1.68577342567356
156,1.67419740779272
157,1.66194023768055
158,1.65359001153094
159,1.64917439825334
160,1.65113961628155
161,1.66240943087919
162,1.68337672850997
163,1.71556189604056
164,1.75998151081509
165,1.81641432562059
166,1.88369142084286
167,1.95997716126027
168,2.04276102055244
169,2.12890046339448
170,2.21151907055614
171,2.28901799443468
172,2.35438162972305
173,2.40105729495839
174,2.42836259758033
175,2.42955744049453
176,2.40323213282524
177,2.34969906015533
178,2.26993372363771
179,2.16601675054184
180,2.04468559407631
181,1.91151085002609
182,1.7749373935154
183,1.64276523404388
184,1.52443255699843
185,1.42810098689676
186,1.35940386304417
187,1.32443580966308
188,1.32562690841587
189,1.36248415521221
190,1.43310837354988
191,1.53111771084156
192,1.65149635042854
193,1.78298878762402
194,1.91660392155103
195,2.04573427766498
196,2.15679040130338
197,2.2460514873318
198,2.30968459056347
199,2.34175948528606
200,2.3454725004287
201,2.32453722142342
202,2.28127531449467
203,2.22585529127908
204,2.16395089034168
205,2.10555020229701
206,2.05745992718809
207,2.0264302177419
208,2.01861588487016
209,2.0356119675292
210,2.07877060573058
211,2.14609966177195
212,2.23357508306771
213,2.33498126545463
214,2.44166686454667
215,2.54627458101285
216,2.63863046632338
217,2.70847191109306
218,2.74972624623322
219,2.75574752076186
220,2.71920003178386
221,2.64292272217812
222,2.52669676807867
223,2.37358096194521
224,2.19465427335001
225,1.99862499702651
226,1.79689828953598
227,1.60502592025208
228,1.43354885660752
229,1.29616147454169
230,1.20025222690423
231,1.15293872422623
232,1.15576303908165
233,1.20614942621114
234,1.29884354955163
235,1.42424093785053
236,1.57222356660612
237,1.72983637235794
238,1.88502892920366
239,2.02928814138307
240,2.15224161598305
241,2.24674589425724
242,2.31506985338155
243,2.34984811929155
244,2.35729289053544
245,2.34146367638336
246,2.30417250788005
247,2.25377124083245
248,2.19579634736722
249,2.13450515664076
250,2.07518793697776
251,2.02172107027063
252,1.97548863072139
253,1.93850042069573
254,1.90953420102071
255,1.8888176687009
256,1.87389727476648
257,1.86251052827507
258,1.85306555970904
259,1.84299619600556
260,1.83109590271349
261,1.81488941815259
262,1.79539596290794
263,1.77130509419024
264,1.74232216624532
265,1.70990745360982
266,1.67524559242856
267,1.63588779393517
268,1.59575328668982
269,1.55532685395051
270,1.5114721181071
271,1.46965091330268
272,1.42918398659124
273,1.38926180916745
274,1.35571067905998
275,1.32790154692517
276,1.30928611244256
277,1.302698820661
278,1.31071723048097
279,1.33536806977198
280,1.37782878258407
281,1.43902726198985
282,1.51816452651485
283,1.61247303089154
284,1.7193258263374
285,1.83379755678576
286,1.95044320739855
287,2.06320717665946
288,2.16488828286361
289,2.25227534960777
290,2.3168228403309
291,2.35651278503511
292,2.37012234624739
293,2.35443821734224
294,2.31232042175427
295,2.24831225350142
296,2.16470199168963
297,2.06856174057826
298,1.96865335373923
299,1.86892596627231
300,1.77897141107169
301,1.70356662316726
302,1.64814395687195
303,1.61560891357916
304,1.60636160469442
305,1.62047988781735
306,1.65461216437073
307,1.70222235194011
308,1.76003794268282
309,1.8183274913416
310,1.87146767915992
311,1.91299116287931
312,1.93692544020756
313,1.94215171863744
314,1.92461358619486
315,1.88860875195049
316,1.83728316974127
317,1.77445798963796
318,1.7089736599565
319,1.64928233892032
320,1.59899106860423
321,1.56883232767721
322,1.56165260658658
323,1.58038637107877
324,1.62644322960961
325,1.69746534852423
326,1.79062098691276
327,1.89831553311879
328,2.01524868071687
329,2.13244327637535
330,2.24143617765389
331,2.33490051005947
332,2.40553566666846
333,2.44852156562561
334,2.45897256194791
335,2.43635264003748
336,2.38140973543085
337,2.29667210621647
338,2.18517060470447
339,2.05793344672695
340,1.9172776567961
341,1.77421544848432
342,1.63726481750642
343,1.5122059233639
344,1.4060139631366
345,1.32368207853546
346,1.26634520992247
347,1.23543501942839
348,1.22722316664283
349,1.23940057604125
350,1.26678845777529
351,1.30106115912239
352,1.34039077564738
353,1.37679055161393
354,1.40732269666986
355,1.4304693523658
356,1.4453996393097
357,1.45309873342244
358,1.45659664467862
359,1.45783184110852
360,1.46316992708984
361,1.47157628885897
362,1.4887865403717
363,1.51503975378991
364,1.54933387423905
365,1.59161122410157
366,1.63817482041963
367,1.68719989917848
368,1.73308052660131
369,1.77222621911676
370,1.80426074525028
371,1.82186662242941
372,1.82790110651265
373,1.82000882737438
374,1.80029998370312
375,1.77011475756977
376,1.73122950025659
377,1.687884619245
378,1.64280023610908
379,1.59871058940263
380,1.55925495081289
381,1.52602017211694
382,1.50068084844644
383,1.48175171248356
384,1.46831651674708
385,1.46064442170566
386,1.45091845463212
387,1.44062565819745
388,1.42540680683969
389,1.40215908498281
390,1.37204409149864
391,1.33409842423592
392,1.29104617623985
393,1.2461611088411
394,1.20240114179351
395,1.16705409786571
396,1.14204048197993
397,1.13277217314577
398,1.14301799627452
399,1.17256558204756
400,1.22268270996571
401,1.29012272658809
402,1.37247161306749
403,1.46480078142865
404,1.55936652198643
405,1.65440539738963
406,1.74109235370995
407,1.81573690828095
408,1.87594387752334
409,1.91918764219658
410,1.94399346196067
411,1.95288072075784
412,1.9470611110347
413,1.92957137560634
414,1.90370884286116
415,1.87326112824192
416,1.84185196133719
417,1.81047522576208
418,1.78296195980072
419,1.75875634849595
420,1.73804179215833
421,1.71971502143682
422,1.70149699724351
423,1.68254752351174
424,1.6583504864575
425,1.62745343539056
426,1.5895761837101
427,1.54155141510303
428,1.48405920006449
429,1.42073891567439
430,1.35090007851766
431,1.27961543282917
432,1.21153296607013
433,1.15032512021537
434,1.10050233215058
435,1.0660588502917
436,1.04979606103963
437,1.05323316292304
438,1.07599531057285
439,1.1166056056176
440,1.17251634975083
441,1.23989770918794
442,1.31270542250624
443,1.38723241121513
444,1.46087377678128
445,1.52458055414699
446,1.58073612512551
447,1.62614983063297
448,1.65798079585961
449,1.68076980857283
450,1.69385754189893
451,1.70075609238765
452,1.70405907409704
453,1.70700018744284
454,1.71261688699355
455,1.72238591534904
456,1.73845837827708
457,1.75996920286182
458,1.7876786495607
459,1.81772437726795
460,1.84779817510238
461,1.87480187544722
462,1.89450092122441
463,1.90020852752287
464,1.89409175350254
465,1.86898992271552
466,1.82509005259832
467,1.76645037175467
468,1.69275326376036
469,1.6092446011185
470,1.52462913756322
471,1.44301981767403
472,1.37447736516946
473,1.32414166931024
474,1.29930202191437
475,1.30352166965304
476,1.3371637599099
477,1.40111294452207
478,1.48979934409285
479,1.59854598353292
480,1.71866811964983
481,1.84146290205934
482,1.95942037806053
483,2.06133231705481
484,2.14150970075192
485,2.19755995620826
486,2.22145030755077
487,2.21744773250678
488,2.1881610249078
489,2.13522338675035
490,2.06881935621339
491,1.99505140655524
492,1.92231875843374
493,1.85780368090382
494,1.80879919362209
495,1.77957064066857
496,1.77210303930982
497,1.78718936524838
498,1.82199360753761
499,1.8721702184523
500,1.93103447337772
501,1.9917419729182
502,2.04618366771585
503,2.08769611421972
504,2.10813039299233
505,2.10572525695645
506,2.0770967822025
507,2.02062921194669
508,1.94182884698446
509,1.84513218789555
510,1.73333900069326
511,1.62004090202124
512,1.508571563823
513,1.40768139458719
514,1.32500427936187
515,1.26369619356047
516,1.22764996275522
517,1.216741314239
518,1.2303791360108
519,1.26565984903608
520,1.3174358137609
521,1.38168929511638
522,1.45371908534921
523,1.52712159236009
524,1.59978888048164
525,1.66670467843578
526,1.72750642807071
527,1.77967650931099
528,1.82254251913171
529,1.85873824011523
530,1.88515976809781
531,1.90512435149469
532,1.91891284170696
533,1.92587688398688
534,1.92528984159508
535,1.92113765626948
536,1.9071881757819
537,1.88683584215305
538,1.86013514058899
539,1.82439249940851
540,1.78248012677263
541,1.73576320031435
542,1.68449503294621
543,1.63286766064728
544,1.58297127260623
545,1.53845139857986
546,1.50208551150586
547,1.47598216933208
548,1.46357973543008
549,1.46330705649757
550,1.47640063277094
551,1.50005211951269
552,1.53193757740148
553,1.56725653387174
554,1.60231579526652
555,1.63234768227205
556,1.65439206470895
557,1.66317532670259
558,1.66108765081752
559,1.64539748954038
560,1.61945333609169
561,1.58685716886015
562,1.5536301583923
563,1.52258643554545
564,1.50326623824641
565,1.49919932932034
566,1.51490194124401
567,1.55469178533335
568,1.61878397071423
569,1.7077302610322
570,1.81683126620543
571,1.94292733557743
572,2.08025235861488
573,2.21761065995237
574,2.35099301452834
575,2.46921707119441
576,2.5645619237802
577,2.63185177897557
578,2.66434827876653
579,2.66059278210257
580,2.62101111379048
581,2.54507866805037
582,2.4435836474742
583,2.31726880461514
584,2.17970703692194
585,2.04041361069937
586,1.90762795756496
587,1.79315981248365
588,1.70477038577017
589,1.64836171733967
590,1.62733136081654
591,1.64186844169285
592,1.68997896812042
593,1.76464019776503
594,1.85748879632497
595,1.96053041571887
596,2.06028697661134
597,2.14834958438262
598,2.21397800926446
599,2.25245461191469
600,2.25613882039032
601,2.2284398004555
602,2.1688222478627
603,2.08528974087754
604,1.98474625116368
605,1.87817849582388
606,1.77683195746468
607,1.6885877665102
608,1.62520778491239
609,1.59167079697411
610,1.59123399460043
611,1.62532308090183
612,1.6901431816391
613,1.78141149149898
614,1.88943055165036
615,2.00607923547722
616,2.12269774011375
617,2.22662596987572
618,2.31165837018703
619,2.37304229843122
620,2.40056402486735
621,2.39924315202929
622,2.3650225183046
623,2.30287867844676
624,2.21711025620612
625,2.11346713284889
626,2.00029849409919
627,1.8828278235659
628,1.76837015639333
629,1.66360500066046
630,1.57111879616473
631,1.49446766650171
632,1.4355814264167
633,1.39319395649507
634,1.36663870129405
635,1.35329070743946
636,1.35179155972133
637,1.35816085183606
638,1.37092348091691
639,1.38851314817443
640,1.41051703260889
641,1.43369009492004
642,1.46226721743227
643,1.49324108285214
644,1.52656467555545
645,1.56461663387776
646,1.60436311501618
647,1.64343361320359
648,1.68393645585385
649,1.71904809822793
650,1.74876206919371
651,1.77125196067078
652,1.78353724604965
653,1.78596601975433
654,1.7780951422064
655,1.76210004854503
656,1.73978387912434
657,1.71458723661866
658,1.69037204501646
659,1.67203429229472
660,1.66190183806093
661,1.66428085040961
662,1.68090253587044
663,1.71193617446944
664,1.75636391798364
665,1.8110815002062
666,1.87383457598265
667,1.93515901961818
668,1.99283238637469
669,2.03993696968257
670,2.06859120620156
671,2.07664178195499
672,2.06262459884764
673,2.021512632523
674,1.96005975024664
675,1.87913087567176
676,1.78623570617893
677,1.68798143765684
678,1.59366221728064
679,1.51200751706701
680,1.45016598902299
681,1.41526376477036
682,1.41220554663033
683,1.44186728902314
684,1.50404965666458
685,1.59514934519277
686,1.70835070646225
687,1.83735957904768
688,1.96956418649402
689,2.09958232136397
690,2.21564359281624
691,2.30893101057261
692,2.37680865074508
693,2.41300484549198
694,2.41582934977213
695,2.38943934146222
696,2.33669466263272
697,2.26097867294932
698,2.17449499094026
699,2.08119464393761
700,1.99141894327692
701,1.91214376141786
702,1.84924313464857
703,1.80800505718924
704,1.78920095546122
705,1.79406024037913
706,1.81909623357403
707,1.8608046375562
708,1.91157428817096
709,1.96516686277988
710,2.0141624728927
711,2.04992870773097
712,2.06621029436604
713,2.06135938665663
714,2.02778143884195
715,1.96962242855697
716,1.88952304472957
717,1.78931282528101
718,1.67949087034252
719,1.56747444849895
720,1.46097407718263
721,1.3701793157388
722,1.30062885155604
723,1.25889771418654
724,1.24643772539007
725,1.26287328008341
726,1.30696786996958
727,1.3715610322073
728,1.45120710771289
729,1.53793196772274
730,1.62381992604433
731,1.70281956805272
732,1.76725177574386
733,1.81571187721179
734,1.8451425625275
735,1.85456726566878
736,1.84828511538427
737,1.82914697722832
738,1.79916148699233
739,1.7667436414993
740,1.73398402337914
741,1.70502789702018
742,1.68301401881841
743,1.66868436085675
744,1.66288745912996
745,1.66218920224738
746,1.66637373990845
747,1.6707533778001
748,1.67231770616922
749,1.66866326780709
750,1.65346003814666
751,1.6313944536401
752,1.59520865468431
753,1.54963471901869
754,1.49827383629955
755,1.4427611138542
756,1.38892921357665
757,1.34221523819465
758,1.3064287671514
759,1.28581196756326
760,1.28112803977983
761,1.29424146937837
762,1.3226788649457
763,1.36213221008545
764,1.41070362001092
765,1.45908372102188
766,1.50697243208315
767,1.543798373418
768,1.56989237171255
769,1.58342834927135
770,1.58084145938863
771,1.56702813861532
772,1.54624835878448
773,1.51903483245045
774,1.49512863996004
775,1.47817512345891
776,1.47239110140554
777,1.48238258554418
778,1.5091960367455
779,1.55393948093677
780,1.61317476230754
781,1.68405665955626
782,1.76237284864891
783,1.83976592861101
784,1.91266565197542
785,1.97212033435309
786,2.01654442454915
787,2.03850393724517
788,2.03826758957532
789,2.01526656926413
790,1.97195234684868
791,1.9096240921294
792,1.83651643319444
793,1.75635296619061
794,1.67470441702157
795,1.59945170141662
796,1.53409760789588
797,1.4824318420228
798,1.44678045500309
799,1.42750114120599
800,1.42350318490148
801,1.43091402694967
802,1.44644770626037
803,1.46688461682782
804,1.48429867727292
805,1.49826167482802
806,1.50371771801491
807,1.50033239558648
808,1.48706845392364
809,1.4660093253942
810,1.44116209899345
811,1.41487379766435
812,1.39158259476836
813,1.37745845922694
814,1.37386169646718
815,1.38429654332258
816,1.41001141968221
817,1.45048157467491
818,1.50357310229952
819,1.56514130575479
820,1.63196336727795
821,1.69861525767275
822,1.75729961217168
823,1.80697147740259
824,1.83998518150388
825,1.85536505799917
826,1.8516221451836
827,1.8281682856791
828,1.79003146587805
829,1.73751671583933
830,1.67890202136262
831,1.61974353358866
832,1.56454177019665
833,1.52130565626786
834,1.49431000869126
835,1.48665717854923
836,1.49993293306145
837,1.53329016276272
838,1.58494937312909
839,1.64778276257833
840,1.71707618443808
841,1.78642694194324
842,1.8456127304575
843,1.89161602269379
844,1.91698050640349
845,1.9200270565839
846,1.90025912589443
847,1.8584456159664
848,1.80183304127145
849,1.73503847898154
850,1.66576562562613
851,1.60581970947341
852,1.55957163674044
853,1.53669838341831
854,1.54184340729868
855,1.57718319444518
856,1.64304044159518
857,1.73474801225962
858,1.8480738415049
859,1.97391171004022
860,2.10141390346035
861,2.22278587692766
862,2.32693802890241
863,2.40442194993828
864,2.45118854308051
865,2.46278499888352
866,2.43804393094505
867,2.38088921034357
868,2.29562667912125
869,2.1912790952211
870,2.07513851928659
871,1.95871267371966
872,1.85084935873291
873,1.75944245958493
874,1.69101773250258
875,1.64999414894174
876,1.63661353473582
877,1.64909487855235
878,1.68308120152771
879,1.73261053983391
880,1.78852671824058
881,1.8423084854463
882,1.88858760711129
883,1.916866693771
884,1.9236062121123
885,1.90866636687649
886,1.86911269554139
887,1.8089532031926
888,1.73535099595263
889,1.65101155427353
890,1.56832789825214
891,1.49026072029659
892,1.42729556901138
893,1.38200334723395
894,1.35824671968412
895,1.35752068285693
896,1.37775435679654
897,1.4159639612414
898,1.46807117946256
899,1.52856796513576
900,1.59287210249629
901,1.65471989646898
902,1.71163606582659
903,1.76145149238238
904,1.79913250702183
905,1.82867536060206
906,1.84943335497535
907,1.86074650834203
908,1.86756051151496
909,1.87093543875684
910,1.86992903074046
911,1.86773960172749
912,1.86449535639903
913,1.85415194144124
914,1.84233739206509
915,1.82128332440053
916,1.79199493958651
917,1.75320082374654
918,1.70439962109369
919,1.6457868645933
920,1.5806732659352
921,1.51099163217105
922,1.44257347252515
923,1.37920252709212
924,1.32748145725474
925,1.29287134610717
926,1.27927182843657
927,1.29033606922747
928,1.32739991594841
929,1.38998386001441
930,1.47392260649704
931,1.57479438521001
932,1.68644176211194
933,1.79904751496093
934,1.90456230772803
935,1.997825140974
936,2.06829740641022
937,2.11340382468163
938,2.13201890449664
939,2.12237024488491
940,2.08820967895528
941,2.03714233607224
942,1.97358386014378
943,1.90866686401568
944,1.85027108187033
945,1.80811832411726
946,1.78918873897592
947,1.79863647596441
948,1.84080414063868
949,1.91442894161562
950,2.01700714083219
951,2.14329619371403
952,2.28384542134517
953,2.43080040535404
954,2.56968841224796
955,2.6921199773479
956,2.78788828088573
957,2.84458206055734
958,2.85992314931379
959,2.83113794573668
960,2.75377223581614
961,2.63912139883249
962,2.4904259016951
963,2.31869725257073
964,2.13872949969487
965,1.96294486943694
966,1.80474860303308
967,1.67775722910034
968,1.59015190092047
969,1.55013668249632
970,1.55842321497919
971,1.61402918618755
972,1.71038348484016
973,1.83836717721569
974,1.98459829834857
975,2.13498916104064
976,2.27791656392432
977,2.39723776265556
978,2.48521485523122
979,2.5345244775615
980,2.54239791296816
981,2.50829847279092
982,2.44240390211504
983,2.34766784050124
984,2.23745745803657
985,2.12395211277612
986,2.01692545644972
987,1.92741553018966
988,1.86312666368767
989,1.82951225523727
990,1.82801817664617
991,1.85678543505011
992,1.9123449230387
993,1.98711911647794
994,2.0718768045635
995,2.15864582069001
996,2.23622296892672
997,2.29725268700786
998,2.33514975070278
999,2.34245481313818
1000,2.32258724886275
1001,2.2689144653692
1002,2.19047745776994
1003,2.09044179765528
1004,1.97318736392962
1005,1.84861385477094
1006,1.72542441900819
1007,1.6054707125211
1008,1.49949876349019
1009,1.40993772338146
1010,1.33828919074678
1011,1.28737151356217
1012,1.25590441029377
1013,1.24222214826821
1014,1.24506556681045
1015,1.26119001957585
1016,1.28977422737952
1017,1.32790175851664
1018,1.37449929410618
1019,1.43043483877462
1020,1.49209079505566
1021,1.56165185090277
1022,1.63683157450428
1023,1.7169700850199
1024,1.79966559157411
1025,1.88256142164543
1026,1.96255908297531
1027,2.03552678684962
1028,2.09663215794881
1029,2.14355879887749
1030,2.17082438275814
1031,2.17634387315811
1032,2.16061596497063
1033,2.12212204607769
1034,2.0631623253137
1035,1.99092144941715
1036,1.90833887084159
1037,1.82315178165039
1038,1.74538772249837
1039,1.67976798382916
1040,1.63547803274961
1041,1.61662621654099
1042,1.62692542701836
1043,1.6673097734086
1044,1.73344206528524
1045,1.82261739228406
1046,1.92572273778874
1047,2.03287115069741
1048,2.13604138727504
1049,2.22286084680753
1050,2.28592160922413
1051,2.31776111347636
1052,2.3147184724987
1053,2.27775828141524
1054,2.20640118277777
1055,2.11108379073422
1056,1.99917223906316
1057,1.88128770388043
1058,1.77052181921093
1059,1.68008044276373
1060,1.61787792194177
1061,1.59482949123715
1062,1.61455606687798
1063,1.67931475772574
1064,1.78574917577995
1065,1.92804925610783
1066,2.0979403111169
1067,2.28092325651912
1068,2.46670788858062
1069,2.64050697231117
1070,2.78984136484856
1071,2.90378661481663
1072,2.97574783127738
1073,3
1074,2.97581012985105
1075,2.90588427822202
1076,2.79636300483547
1077,2.65711583049267
1078,2.49530636570987
1079,2.32823705542518
1080,2.16358834952026
1081,2.01438656034835
1082,1.89088470131931
1083,1.7988572065718
1084,1.74274823669973
1085,1.72339707832949
1086,1.73767932347953
1087,1.78037649215525
1088,1.84131894590479
1089,1.91240459666907
1090,1.98252321477555
1091,2.03842387103365
1092,2.07608987886057
1093,2.0848874591481
1094,2.06453486072764
1095,2.01372565137504
1096,1.93814199039123
1097,1.84469884091131
1098,1.74247772204567
1099,1.64195375194702
1100,1.55542887126548
1101,1.48902613647437
1102,1.45225715959305
1103,1.4477377048805
1104,1.47549580115321
1105,1.53356264017954
1106,1.61542290372108
1107,1.71482351315348
1108,1.82103670426717
1109,1.92579622955107
1110,2.02139439319547
1111,2.09899692434773
1112,2.15319362645268
1113,2.18274342486793
1114,2.18513808007309
1115,2.15996712880195
1116,2.11503169658832
1117,2.04953296317032
1118,1.97239520980655
1119,1.88742658396978
1120,1.80001687331124
1121,1.71492766935592
1122,1.6341705681606
1123,1.56008416165507
1124,1.49318450933905
1125,1.4307923437191
1126,1.37241462644724
1127,1.34201588275888
1128,1.32995690614305
1129,1.31286919833286
1130,1.29130769523378
1131,1.26407992375606
1132,1.23524358154385
1133,1.20538150434906
1134,1.18026638299814
1135,1.16517165119556
1136,1.163656360056
1137,1.18025089651784
1138,1.21761964855945
1139,1.27538285584422
1140,1.3538222715559
1141,1.44575515529438
1142,1.54888367409513
1143,1.65581289718533
1144,1.75528702135286
1145,1.84574630271039
1146,1.91692039266286
1147,1.96548006409823
1148,1.9903420757047
1149,1.99164533607199
1150,1.97048410357583
1151,1.93519108136803
1152,1.89022679573576
1153,1.84415951279859
1154,1.80435730189325
1155,1.77770967065334
1156,1.77065345915007
1157,1.78494257405037
1158,1.82276753718678
1159,1.8816756919009
1160,1.95886879436847
1161,2.04600367995246
1162,2.13625904638037
1163,2.22273225158901
1164,2.29293988058368
1165,2.34188004405911
1166,2.36252804432059
1167,2.35011538551279
1168,2.30238316347101
1169,2.22427182133818
1170,2.11500627941511
1171,1.98580319286508
1172,1.84465042233491
1173,1.70181659366209
1174,1.56885541875488
1175,1.45525390335855
1176,1.37106003197463
1177,1.32205743894034
1178,1.310317447546
1179,1.3375315683513
1180,1.39860068073348
1181,1.48712016486329
1182,1.5949791635856
1183,1.71041080996387
1184,1.8268766505501
1185,1.92921459672287
1186,2.01489261257921
1187,2.07719280644103
1188,2.11092112122871
1189,2.12033382411101
1190,2.10638929143802
1191,2.07161501553856
1192,2.02588346135804
1193,1.97338765842847
1194,1.92102445382648
1195,1.87507454007211
1196,1.83966753434652
1197,1.81846181000857
1198,1.81080820725541
1199,1.81723856083903
1200,1.83404607177109
1201,1.85653136488192
1202,1.88049209859976
1203,1.89677883919996
1204,1.90453744955933
1205,1.89346695875949
1206,1.86256533913048
1207,1.81123251928396
1208,1.73883225899058
1209,1.6474060676983
1210,1.5463510693134
1211,1.43935915429091
1212,1.33597131301718
1213,1.24615158520988
1214,1.17655200762464
1215,1.13375891282837
1216,1.12198639277234
1217,1.14247430494422
1218,1.19258164323044
1219,1.26837011407504
1220,1.36157939009467
1221,1.4647684704039
1222,1.56887407769659
1223,1.66492259080803
1224,1.74603156851402
1225,1.80974890761899
1226,1.84929086263072
1227,1.86877317929746
1228,1.87063528678812
1229,1.85768559110093
1230,1.83784701646876
1231,1.81815043381778
1232,1.80461893857234
1233,1.80313164138703
1234,1.81817032321426
1235,1.8522935885908
1236,1.90433659887719
1237,1.97218706425665
1238,2.05029733432605
1239,2.13332924814022
1240,2.21047499563117
1241,2.2756812431401
1242,2.31961677669697
1243,2.33671121311584
1244,2.32152014674058
1245,2.27252434478483
1246,2.19280501429783
1247,2.08347696019447
1248,1.95552341335616
1249,1.81753321142958
1250,1.67771868035911
1251,1.5510165563966
1252,1.44546294949211
1253,1.36952118969709
1254,1.32891895124939
1255,1.3253202055753
1256,1.35841823169784
1257,1.42029374133163
1258,1.50603661541387
1259,1.60502985363671
1260,1.7055382119123
1261,1.79939520266584
1262,1.87520588194941
1263,1.92945583699201
1264,1.95775145156508
1265,1.95782800213398
1266,1.93765518855061
1267,1.89762110160844
1268,1.84760112843181
1269,1.79786542536982
1270,1.7522825516171
1271,1.72179152871814
1272,1.71068970706583
1273,1.72214241749969
1274,1.75679706250507
1275,1.8124156243126
1276,1.88581919713993
1277,1.96925522869294
1278,2.05554922197359
1279,2.13780573164833
1280,2.20695382341959
1281,2.25681801288163
1282,2.28149166576321
1283,2.27845440525431
1284,2.24676621711396
1285,2.18578314789848
1286,2.10074524419384
1287,1.99620631107605
1288,1.8761904142292
1289,1.75078935588636
1290,1.62460122270387
1291,1.50367231854649
1292,1.39395114160151
1293,1.29926417525377
1294,1.2201886228918
1295,1.15797874029888
1296,1.11093981080081
1297,1.07754478280272
1298,1.05379823103709
1299,1.03776723923073
1300,1.02836310479531
1301,1.02406163362834
1302,1.02729287918003
1303,1.03838273865983
1304,1.06182870761621
1305,1.09322786987178
1306,1.13568336544283
1307,1.19052456709894
1308,1.25794949019661
1309,1.3398263765654
1310,1.43267713603182
1311,1.53672661576563
1312,1.64793643158733
1313,1.7590966545806
1314,1.86836949159309
1315,1.96771382716621
1316,2.05108164142839
1317,2.11462600722866
1318,2.15378236056865
1319,2.16697162857966
1320,2.15329009402572
1321,2.11442390714929
1322,2.0563890345559
1323,1.98202624485656
1324,1.90085975810092
1325,1.82039092347928
1326,1.74846561904795
1327,1.69305176229289
1328,1.65985750255703
1329,1.65374550506295
1330,1.67488264797122
1331,1.72210556088565
1332,1.79183302395117
1333,1.87605530582226
1334,1.96574592635969
1335,2.05313360107668
1336,2.12676410091716
1337,2.1771800121095
1338,2.20036452252666
1339,2.19136288141215
1340,2.14862534045961
1341,2.07862854120375
1342,1.98482123716482
1343,1.88068411100552
1344,1.7735266116136
1345,1.67853085305022
1346,1.60689986255734
1347,1.56682865985195
1348,1.56805914424062
1349,1.61199057896847
1350,1.69936237505563
1351,1.82519617841506
1352,1.98074747267518
1353,2.15672804025984
1354,2.33673506249703
1355,2.50883780735214
1356,2.66098338398297
1357,2.77650429314404
1358,2.85110269095067
1359,2.87843580072183
1360,2.85502602599743
1361,2.78671605609189
1362,2.67689776873885
1363,2.53922845414031
1364,2.38202563990648
1365,2.22067825461716
1366,2.06769994666515
1367,1.93380627344743
1368,1.82962408535847
1369,1.76047242847249
1370,1.72940033191507
1371,1.73519158253754
1372,1.77287463798677
1373,1.83538450629798
1374,1.91245544814433
1375,1.99166575162593
1376,2.06447348106548
1377,2.11909494800473
1378,2.14643531637082
1379,2.14470897785551
1380,2.1118882191776
1381,2.04718816697567
1382,1.96165290503131
1383,1.8598490659014
1384,1.75278014502562
1385,1.65229642532709
1386,1.56516635274369
1387,1.50278798510413
1388,1.46766780954843
1389,1.46387956658583
1390,1.49054309011833
1391,1.54304429366824
1392,1.61638008850893
1393,1.70313408627606
1394,1.79521327019953
1395,1.88444818760275
1396,1.96402272524207
1397,2.02931193433987
1398,2.07491886316084
1399,2.09877762288958
1400,2.10444097735143
1401,2.08705020808908
1402,2.05403100482629
1403,2.00708476045187
1404,1.94885149224193
1405,1.88374130423677
1406,1.8155282121902
1407,1.74555444647928
1408,1.67630347540971
1409,1.61087097536063
1410,1.5465589347565
1411,1.48489289463064
1412,1.42507990608212
1413,1.36429397361473
1414,1.30517896284958
1415,1.2462385896064
1416,1.19121388172306
1417,1.14250010298207
1418,1.1035721434879
1419,1.07973972790452
1420,1.07359131310059
1421,1.08943007103546
1422,1.12917765728589
1423,1.19346820745142
1424,1.28073047956286
1425,1.38736480097398
1426,1.50905895167122
1427,1.63877775413674
1428,1.76702033020499
1429,1.89054349637395
1430,1.99775687955124
1431,2.08468535705356
1432,2.14680812844665
1433,2.18311390137698
1434,2.19088908176649
1435,2.17660461833181
1436,2.14274146335456
1437,2.09489094556087
1438,2.04363852261311
1439,1.99409366094924
1440,1.95582105464098
1441,1.93415761261653
1442,1.93501404460032
1443,1.96144170027182
1444,2.01172139250429
1445,2.08559186528178
1446,2.17664854472058
1447,2.27804266639383
1448,2.38093163141019
1449,2.4744961292016
1450,2.55104760291043
1451,2.59997006323303
1452,2.61236174627329
1453,2.5895347508764
1454,2.52238380044194
1455,2.41869610584573
1456,2.28337837045976
1457,2.12201176460452
1458,1.95014020478896
1459,1.77938250101137
1460,1.62370036678907
1461,1.49578959931227
1462,1.40704279138494
1463,1.36528026593251
1464,1.37379442851674
1465,1.43147591111591
1466,1.5341279783246
1467,1.67084440263603
1468,1.8307906348661
1469,1.99771291285933
1470,2.1601457079707
1471,2.30236566989449
1472,2.41413050807189
1473,2.48821888378869
1474,2.52114754806986
1475,2.51254317698973
1476,2.46805099665924
1477,2.3963239918021
1478,2.30317531557893
1479,2.20531237137096
1480,2.11083635567144
1481,2.02948751495525
1482,1.97129308425851
1483,1.93974228749628
1484,1.93822279676986
1485,1.96434951355389
1486,2.0145194075478
1487,2.08224746665843
1488,2.15769511402685
1489,2.23129434064834
1490,2.29414385618867
1491,2.33566182825259
1492,2.34997402830601
1493,2.33089099884565
1494,2.27870230380317
1495,2.19363571837124
1496,2.07879201475684
1497,1.94628805535905
1498,1.79917801994359
1499,1.65154781370541
1500,1.51348832081244
1501,1.39203203318299
1502,1.29565833622761
1503,1.22892247585946
1504,1.19264752475298
1505,1.18603148272879
1506,1.20378954253724
1507,1.24227940290431
1508,1.29261465744418
1509,1.34790029992597
1510,1.40331746967948
1511,1.45131491658861
1512,1.49107764271237
1513,1.51797935173777
1514,1.53491781300215
1515,1.54348070610906
1516,1.54408725018117
1517,1.5436723777518
1518,1.54605428104448
1519,1.55308767212579
1520,1.57101195899763
1521,1.59832435577771
1522,1.63363942783164
1523,1.67162783294363
1524,1.70869779788225
1525,1.74108830002045
1526,1.76420120584345
1527,1.77448441872218
1528,1.76982410609827
1529,1.7481533389384
1530,1.71314961768429
1531,1.66107959643715
1532,1.60195345596078
1533,1.53728498146803
1534,1.47278045590386
1535,1.41693262899746
1536,1.37323212519787
1537,1.34741202540874
1538,1.34195893442662
1539,1.35827852288935
1540,1.39554274874573
1541,1.44937683143814
1542,1.51557481218831
1543,1.58920855481918
1544,1.65968457429108
1545,1.72491505748677
1546,1.7757971045221
1547,1.81041877275536
1548,1.82416280236077
1549,1.81855933594198
1550,1.79652462222759
1551,1.76006251060848
1552,1.71640573208501
1553,1.67294451788275
1554,1.63433179320169
1555,1.60905899630694
1556,1.60149936777326
1557,1.61505989034538
1558,1.65203069969326
1559,1.71005321050853
1560,1.78813491452064
1561,1.87964936061426
1562,1.97726904597047
1563,2.0759443986429
1564,2.16466021345805
1565,2.23665955467103
1566,2.28601939874005
1567,2.30822534295075
1568,2.29777355064149
1569,2.25838834198478
1570,2.18946255022505
1571,2.09765886625215
1572,1.98855114536724
1573,1.87011834888153
1574,1.75292332280569
1575,1.64280816958003
1576,1.5498496757987
1577,1.47922753105742
1578,1.43466215015475
1579,1.4172529341467
1580,1.42569829323097
1581,1.45660580356645
1582,1.50206255483916
1583,1.55596558612281
1584,1.61103779810438
1585,1.65660359555911
1586,1.68908377640847
1587,1.7042602848877
1588,1.69824402547988
1589,1.67505330394631
1590,1.63696154244764
1591,1.59134268389818
1592,1.54532146321453
1593,1.50605790756103
1594,1.48354802933525
1595,1.48181629826024
1596,1.50500583044824
1597,1.5558050365623
1598,1.63109253760309
1599,1.72745404527778
1600,1.8375085084078
1601,1.95310749925393
1602,2.06662677690573
1603,2.16453721433007
1604,2.24382983737157
1605,2.29505091052439
1606,2.31314350248935
1607,2.29998998336066
1608,2.25398191741933
1609,2.18082155971485
1610,2.08683361500171
1611,1.97962639659223
1612,1.86975983877681
1613,1.76443722342457
1614,1.67344696479651
1615,1.60367793851664
1616,1.55788573033195
1617,1.53930743922019
1618,1.54531772106828
1619,1.57278522245509
1620,1.61505649279095
1621,1.66189445956416
1622,1.71044991871719
1623,1.74587789914229
1624,1.76571439868887
1625,1.76592857439006
1626,1.74291623105567
1627,1.69941325353398
1628,1.64043921508065
1629,1.57183119561953
1630,1.50272195042968
1631,1.44097654939719
1632,1.39618235751125
1633,1.37381262941331
1634,1.37929884554355
1635,1.41434320686866
1636,1.47728519997148
1637,1.56511502145959
1638,1.66966232553889
1639,1.78452481686353
1640,1.90069204647148
1641,2.00713330759528
1642,2.09816695177626
1643,2.16808046056966
1644,2.20807984066711
1645,2.22151014158763
1646,2.20767289586474
1647,2.16716918448037
1648,2.10780804648922
1649,2.03497647975942
1650,1.95468043738064
1651,1.87525319380167
1652,1.80209474646587
1653,1.74038025894687
1654,1.69385830846459
1655,1.66339090677061
1656,1.64947844169143
1657,1.64944113872015
1658,1.65924492006745
1659,1.67539329798393
1660,1.69139701061216
1661,1.70392007542982
1662,1.70599258262481
1663,1.69780913931885
1664,1.67535297550164
1665,1.63722918227895
1666,1.58875879095672
1667,1.53035621329948
1668,1.46430130666971
1669,1.39986999779898
1670,1.33730809753364
1671,1.28365482075829
1672,1.24124372513788
1673,1.21307326530607
1674,1.19917891406868
1675,1.19905404285999
1676,1.21144479892811
1677,1.23248802988525
1678,1.25893840624859
1679,1.28750434464036
1680,1.31409182622955
1681,1.33710230165662
1682,1.36020076689192
1683,1.40324894225601
1684,1.44110165033375
1685,1.47499010358995
1686,1.5059588484963
1687,1.53603417966357
1688,1.56818394693396
1689,1.60280599204186
1690,1.64144884835555
1691,1.68316651702129
1692,1.72782494174552
1693,1.77259189507889
1694,1.81382584235337
1695,1.84907168208197
1696,1.87444993112652
1697,1.88521532496428
1698,1.8788540676829
1699,1.85672694995924
1700,1.8128765990971
1701,1.75500858886546
1702,1.6845264167973
1703,1.60547375822915
1704,1.52751741954218
1705,1.45729431011267
1706,1.40204806193193
1707,1.37025767309733
1708,1.36644535505598
1709,1.39515931880851
1710,1.45560256982513
1711,1.5463169305414
1712,1.66183477525345
1713,1.79334517708851
1714,1.93295591111603
1715,2.06707517146912
1716,2.18903679191843
1717,2.28676788642958
1718,2.35261040963462
1719,2.38560293222086
1720,2.3810625380136
1721,2.34136443595451
1722,2.27650367902499
1723,2.18835669663686
1724,2.09148011326201
1725,1.99576653130815
1726,1.91225263550549
1727,1.85041473897561
1728,1.81859891382381
1729,1.82147261977032
1730,1.86038126821802
1731,1.93252309169985
1732,2.03324282017931
1733,2.15305651921167
1734,2.28099695080472
1735,2.40486672326483
1736,2.5124179390225
1737,2.59262041948289
1738,2.63577495885526
1739,2.63593697948027
1740,2.59317033563266
1741,2.50558465503045
1742,2.38307838403618
1743,2.23374258290416
1744,2.06833230691152
1745,1.90120040968421
1746,1.74804566417137
1747,1.61705969511497
1748,1.52189656070774
1749,1.46755810239496
1750,1.45758836179861
1751,1.49045179343775
1752,1.56097870589713
1753,1.6625694933763
1754,1.78284543521046
1755,1.91113338293796
1756,2.03658362980833
1757,2.14747923814388
1758,2.23580550097534
1759,2.29667400650937
1760,2.32463209299224
1761,2.32402905126272
1762,2.29212347404805
1763,2.24051113804339
1764,2.17083041815287
1765,2.09207848587314
1766,2.01298518804004
1767,1.93892520628614
1768,1.87434805729072
1769,1.82523445450557
1770,1.79187261110273
1771,1.7744697022333
1772,1.77187055181395
1773,1.78088052050365
1774,1.79834064711166
1775,1.81853730624742
1776,1.83924765465543
1777,1.85616972544015
1778,1.8650152761332
1779,1.86614938524301
1780,1.85688302607308
1781,1.83793889351452
1782,1.80929716628313
1783,1.77442043092313
1784,1.7315014803327
1785,1.68661911082593
1786,1.63661423540585
1787,1.58793351087947
1788,1.53703390501684
1789,1.48733433573213
1790,1.43986597228137
1791,1.39323287924941
1792,1.3498791375932
1793,1.31260243388567
1794,1.27964939426738
1795,1.25650174509912
1796,1.24496377720821
1797,1.24662572340188
1798,1.26492000838454
1799,1.30183103770176
1800,1.35816518442326
1801,1.43363589324655
1802,1.52748758716033
1803,1.63741742251262
1804,1.75847686645441
1805,1.88556327443806
1806,2.01465425781315
1807,2.13597021395064
1808,2.24523794030372
1809,2.33572314141458
1810,2.40186740009858
1811,2.43937339842702
1812,2.44779211109242
1813,2.42545061332664
1814,2.37611468513898
1815,2.30218695974054
1816,2.21249248199141
1817,2.11309562457953
1818,2.01231720586623
1819,1.92118777906402
1820,1.84600534910687
1821,1.79493621696608
1822,1.7730883384374
1823,1.78284746362703
1824,1.82497508084761
1825,1.89416064103453
1826,1.98671467450037
1827,2.09379143367125
1828,2.20283280350208
1829,2.306104753106
1830,2.39238559748827
1831,2.44839243639052
1832,2.47296716723804
1833,2.4570032156694
1834,2.40217066709674
1835,2.31187806863108
1836,2.19242184028554
1837,2.05465204190638
1838,1.91116440164264
1839,1.77337886777025
1840,1.6583584769574
1841,1.57370018043745
1842,1.53095980919713
1843,1.53502390093394
1844,1.58661427273663
1845,1.68293225141148
1846,1.81642780419863
1847,1.97823274434977
1848,2.1528427090559
1849,2.32834220832419
1850,2.49050954279486
1851,2.6265216045
1852,2.72467444917081
1853,2.78228082485943
1854,2.79168129775488
1855,2.75588250604272
1856,2.67951620509582
1857,2.56893104376224
1858,2.43518388332856
1859,2.28837885923102
1860,2.14174453100867
1861,2.00469853666293
1862,1.88743109751806
1863,1.7969609149681
1864,1.73724871025705
1865,1.70881042439343
1866,1.71061285402188
1867,1.73680476979483
1868,1.78154608303834
1869,1.8359542201546
1870,1.89040443019898
1871,1.94078816074722
1872,1.97335053319403
1873,1.98945815738466
1874,1.98422121010992
1875,1.95514208139873
1876,1.90753865488206
1877,1.84571567534917
1878,1.77098327253472
1879,1.69444003064082
1880,1.61930921731398
1881,1.55139262093556
1882,1.49551180994202
1883,1.45381203848872
1884,1.42747104685376
1885,1.41630880898577
1886,1.41763824019493
1887,1.43070372719711
1888,1.45088943435848
1889,1.47611491375853
1890,1.50463723408052
1891,1.53341362336161
1892,1.56283050404692
1893,1.59098789014571
1894,1.6199710836883
1895,1.64858387387203
1896,1.67715547646665
1897,1.70760065803375
1898,1.7376426417811
1899,1.76622493097813
1900,1.79453694729156
1901,1.81758672432247
1902,1.83331036481078
1903,1.8423068164934
1904,1.83860911573667
1905,1.82162501540172
1906,1.79280509188137
1907,1.74976524026366
1908,1.69414961711904
1909,1.63236210374196
1910,1.56361056944563
1911,1.49716113319326
1912,1.43598194286875
1913,1.38724521552168
1914,1.35547438378421
1915,1.34450308001156
1916,1.35794391617203
1917,1.39570017279799
1918,1.45660881824109
1919,1.53770936140737
1920,1.63304424622137
1921,1.7374021884307
1922,1.84145341994035
1923,1.938951524839
1924,2.02467426448168
1925,2.08768179250006
1926,2.13034734398968
1927,2.14743468101102
1928,2.13915158638572
1929,2.10951252055282
1930,2.06442442005708
1931,2.00590301001166
1932,1.9455220779218
1933,1.88803559378779
1934,1.84078146266816
1935,1.80972769023415
1936,1.79879605462236
1937,1.81070000441652
1938,1.84417327773041
1939,1.89796619802317
1940,1.96714339470466
1941,2.04555243797246
1942,2.12548723305899
1943,2.19894895746874
1944,2.25877480271788
1945,2.29663211341384
1946,2.30694113790653
1947,2.28695829859929
1948,2.23611179473907
1949,2.15154206839251
1950,2.04497394488355
1951,1.91628162038894
1952,1.77692868162764
1953,1.63777602430697
1954,1.50717810906591
1955,1.39488127754366
1956,1.3101529382023
1957,1.25746743848369
1958,1.24047644006536
1959,1.25788082775763
1960,1.30752000480704
1961,1.3828025664969
1962,1.47462852198319
1963,1.5764900911247
1964,1.67580440952609
1965,1.76789437345046
1966,1.84208874488547
1967,1.89640033511212
1968,1.92881599527436
1969,1.93767513477452
1970,1.92696295034704
1971,1.90329630015461
1972,1.86727522032035
1973,1.82982169707902
1974,1.79454602577464
1975,1.76599601045698
1976,1.74843686864412
1977,1.74309345886025
1978,1.75020415655701
1979,1.76676503715298
1980,1.78971420099594
1981,1.81517858086652
1982,1.83652291937976
1983,1.8498397240474
1984,1.84997604578028
1985,1.83529891956429
1986,1.80209576653826
1987,1.7526548223815
1988,1.68878579798792
1989,1.61478641320925
1990,1.53413518855577
1991,1.45564363872151
1992,1.38356691347075
1993,1.32323472983847
1994,1.27962579275048
1995,1.25421940063007
1996,1.24921368857229
1997,1.26017653674684
1998,1.28626642371842
1999,1.32219622883731
2000,1.36128140683774
2001,1.39951210392922
2002,1.43078754764583
2003,1.45297298159022
2004,1.46253320604407
2005,1.46027412253041
2006,1.44970612015656
2007,1.43207170634144
2008,1.41364258922984
2009,1.40060928226722
2010,1.39668778101318
2011,1.40751882986984
2012,1.43569851508967
2013,1.48316831534725
2014,1.54888411541448
2015,1.62945026599017
2016,1.72250465524152
2017,1.82037250051243
2018,1.91675903784567
2019,2.00577800580263
2020,2.08084746868709
2021,2.13507673169624
2022,2.1673723042291
2023,2.17341998335781
2024,2.15458836889499
2025,2.11202461506824
2026,2.04918237827442
2027,1.97303841562703
2028,1.88584117605254
2029,1.79671900083051
2030,1.71137102595063
2031,1.63305267421182
2032,1.56784474989088
2033,1.51798981443208
2034,1.48400460946572
2035,1.4657679841657
2036,1.46107191304716
2037,1.46746172550398
2038,1.47994398984415
2039,1.49414264588547
2040,1.50864722691683
2041,1.51590029427547
2042,1.51689239024494
2043,1.50938491135055
2044,1.49342852266552
2045,1.47129909194484
2046,1.44460587306115
2047,1.41810882768058
2048,1.39436084918391
2049,1.37593000105259
2050,1.36828202743853
2051,1.36998288429562
2052,1.38365570531139
2053,1.40833366659829
2054,1.44207648245459
2055,1.48240408323734
2056,1.52542921125267
2057,1.56839614174001
2058,1.60729154093452
2059,1.63747944642042
2060,1.65854829566342
2061,1.66811398320746
2062,1.66284602367656
2063,1.64721854606956
2064,1.61996621829363
2065,1.58296489120907
2066,1.54977171542607
2067,1.52920035560949
2068,1.50839218463698
2069,1.49084817478797
2070,1.47525732144742
2071,1.46331630405231
2072,1.45546103931486
2073,1.45117870407724
2074,1.44587999023024
2075,1.44228389650255
2076,1.43527149126456
2077,1.42268843683993
2078,1.40653116926057
2079,1.38405309827034
2080,1.35785862062851
2081,1.33000587243907
2082,1.3042474787675
2083,1.28554995082559
2084,1.27711293046031
2085,1.28506246624984
2086,1.31262982389743
2087,1.36151450808992
2088,1.43374703116137
2089,1.52617578051289
2090,1.6382630204087
2091,1.76133109580931
2092,1.89046796769108
2093,2.01980559719505
2094,2.1364796093267
2095,2.23647932710399
2096,2.31346811201359
2097,2.35867487905011
2098,2.37370679236855
2099,2.35622633855108
2100,2.30870064791857
2101,2.23737251514549
2102,2.14774101104757
2103,2.05048544115634
2104,1.95286670010262
2105,1.86532980100656
2106,1.79632515394305
2107,1.75158543353995
2108,1.73552117695525
2109,1.74926617288882
2110,1.79157095139366
2111,1.85656413798214
2112,1.93743140074879
2113,2.0255609576727
2114,2.11041924843313
2115,2.18099533071938
2116,2.22945346464862
2117,2.24935302558434
2118,2.2332206935557
2119,2.18392936683437
2120,2.10268956020926
2121,1.99351005943775
2122,1.86883821465564
2123,1.73731521849337
2124,1.61064677545923
2125,1.50173794934523
2126,1.41947892072444
2127,1.37321052473172
2128,1.36571187423943
2129,1.39989366984636
2130,1.47254825341163
2131,1.57794528927975
2132,1.7085520700018
2133,1.85358325591915
2134,2.00395992525707
2135,2.148244385135
2136,2.27592066593929
2137,2.38374047993687
2138,2.46135531160647
2139,2.50785380223737
2140,2.52566080214481
2141,2.50995213668999
2142,2.46960181501388
2143,2.40730681421124
2144,2.32782894586216
2145,2.23746112360686
2146,2.14266031701897
2147,2.046796353986
2148,1.95534959660757
2149,1.87097030076864
2150,1.79593799818235
2151,1.73173835960093
2152,1.67747608509851
2153,1.63371847981473
2154,1.59853971034968
2155,1.57031478062699
2156,1.54727319500712
2157,1.52836866612439
2158,1.51157461301424
2159,1.49564187824019
2160,1.48102921024147
2161,1.46698635403599
2162,1.45252123985132
2163,1.43933894629813
2164,1.4289824124678
2165,1.41750354711181
2166,1.41060435136988
2167,1.40658111290766
2168,1.40396482067758
2169,1.40700727827596
2170,1.41411774709121
2171,1.42540143644672
2172,1.44384681990432
2173,1.46885436210739
2174,1.50164865976085
2175,1.54342844704676
2176,1.59473169930304
2177,1.65597733398339
2178,1.72655445064965
2179,1.80582598124604
2180,1.89267995840003
2181,1.98380349026394
2182,2.07668903738286
2183,2.16769268998461
2184,2.25224679080505
2185,2.32619001880505
2186,2.38380069483837
2187,2.42361230060641
2188,2.43875651660033
2189,2.4283173008849
2190,2.39250420760466
2191,2.32861649132154
2192,2.24032375263925
2193,2.13362320712894
2194,2.00990697349871
2195,1.87993872363478
2196,1.75112692343332
2197,1.6314445091284
2198,1.53082400173229
2199,1.45611666253178
2200,1.41468996095141
2201,1.40940376727385
2202,1.44159067045901
2203,1.5104710123714
2204,1.60998107585357
2205,1.73278064426057
2206,1.87029525526859
2207,2.01048285695951
2208,2.14297862313262
2209,2.25678809384804
2210,2.34400519621894
2211,2.39767077149648
2212,2.41464116695129
2213,2.39525490878075
2214,2.34502514165593
2215,2.26641052820867
2216,2.17236630822565
2217,2.07321245656182
2218,1.9765086688556
2219,1.89799229349817
2220,1.84367342492805
2221,1.82155134388739
2222,1.83581626735378
2223,1.88660911504346
2224,1.97220771155363
2225,2.08484364762326
2226,2.21720513986588
2227,2.35825294752633
2228,2.49522850206477
2229,2.61695164079314
2230,2.71245037277031
2231,2.77193418141887
2232,2.78965944253461
2233,2.7607140904132
2234,2.68887954268103
2235,2.57386989694642
2236,2.42466933298987
2237,2.25298323390215
2238,2.06644491504648
2239,1.88113130715513
2240,1.70836226882764
2241,1.55950943690945
2242,1.44347217202061
2243,1.36751447636531
2244,1.33374682571613
2245,1.34235280892173
2246,1.38823591901778
2247,1.46642640038999
2248,1.56751113664588
2249,1.680550357187
2250,1.79805536780647
2251,1.90993436643244
2252,2.00738464803202
2253,2.08761260612031
2254,2.14556262851984
2255,2.18061699509866
2256,2.19480492244497
2257,2.18872711672152
2258,2.16900649566764
2259,2.13631964617683
2260,2.09733282999686
2261,2.05600423431204
2262,2.01297584174262
2263,1.97320091787452
2264,1.93784551165039
2265,1.90546355196355
2266,1.87883158417501
2267,1.85557475340619
2268,1.83559322959333
2269,1.81785110403305
2270,1.80061456641148
2271,1.78517777866281
2272,1.76789475820436
2273,1.75030644049738
2274,1.73233010335364
2275,1.71143799041846
2276,1.6890969247023
2277,1.6650665368868
2278,1.63736662685721
2279,1.60659223173704
2280,1.57281830004551
2281,1.53489111015888
2282,1.493749152255
2283,1.45045375140443
2284,1.40683718694782
2285,1.36455808813067
2286,1.32705182581668
2287,1.29828671536842
2288,1.28103902022647
2289,1.27844667612026
2290,1.29493138048891
2291,1.33066559448501
2292,1.38773537622572
2293,1.46523258117547
2294,1.56186202168528
2295,1.67428934690531
2296,1.7976159161061
2297,1.92775110821258
2298,2.05890434929195
2299,2.18192069477014
2300,2.2949948125883
2301,2.38944841168315
2302,2.45947694764407
2303,2.50484423401375
2304,2.51971372972129
2305,2.50490420105096
2306,2.46086569096447
2307,2.39127468787158
2308,2.29928168394397
2309,2.19167801768409
2310,2.07472306447689
2311,1.95704644592224
2312,1.84432780378562
2313,1.74534864427467
2314,1.6658440297363
2315,1.60915685151698
2316,1.57931660733744
2317,1.57528416323576
2318,1.59665618899639
2319,1.63763312570672
2320,1.69293816145338
2321,1.75672723514423
2322,1.81854897178884
2323,1.87187504855583
2324,1.91150110855642
2325,1.92898231523648
2326,1.92276115689795
2327,1.89408488040711
2328,1.84138859194181
2329,1.77262924838879
2330,1.69331333529303
2331,1.61212412038946
2332,1.53812964453285
2333,1.4798491384269
2334,1.44578187425891
2335,1.44083420677872
2336,1.46817910320223
2337,1.52928019209313
2338,1.62019524651082
2339,1.7369519679337
2340,1.8710624194317
2341,2.0143058230896
2342,2.15762134518045
2343,2.28849891824517
2344,2.40187426573793
2345,2.4882223196311
2346,2.54121967293116
2347,2.56038080785544
2348,2.54433033351276
2349,2.49252410919284
2350,2.41335274418381
2351,2.30947704754547
2352,2.1886678690953
2353,2.05944949758064
2354,1.92849048175076
2355,1.80390794730914
2356,1.69022429049277
2357,1.59327970544888
2358,1.51514380439813
2359,1.45610125867291
2360,1.41580820372384
2361,1.39109601902834
2362,1.37903724997366
2363,1.37407487587886
2364,1.37270420851531
2365,1.37171412367236
2366,1.36752220046147
2367,1.35740668946487
2368,1.34567564738206
2369,1.3290717505167
2370,1.31166719959672
2371,1.29877738792229
2372,1.29001712229395
2373,1.28965852513446
2374,1.30113195964276
2375,1.32248326777744
2376,1.35556494694771
2377,1.39739762605517
2378,1.4467224245316
2379,1.49930562078296
2380,1.55193338625814
2381,1.60171029766536
2382,1.64479188392681
2383,1.67937918571565
2384,1.70366028382833
2385,1.71729821643375
2386,1.72101729901212
2387,1.71547853142032
2388,1.70293846291077
2389,1.68475720505247
2390,1.66114311962164
2391,1.63418678453072
2392,1.6037296945958
2393,1.57120849946081
2394,1.53623967528222
2395,1.50134118108489
2396,1.46250826041756
2397,1.42402518508357
2398,1.38411658578655
2399,1.34112036519607
2400,1.29935504673627
2401,1.25793094269306
2402,1.21677913873287
2403,1.18088232979206
2404,1.15088942055466
2405,1.12786256794795
2406,1.11609071289368
2407,1.11554666891093
2408,1.12818932764454
2409,1.15341271732694
2410,1.19167956633212
2411,1.24116485592952
2412,1.29937708852177
2413,1.36400706767494
2414,1.43185253788364
2415,1.49937821680809
2416,1.5633916448218
2417,1.62022124727345
2418,1.66992006812891
2419,1.70788551395448
2420,1.73412416202058
2421,1.7512539190808
2422,1.75562273676917
2423,1.75104632818267
2424,1.74031842809109
2425,1.72261278432567
2426,1.70172394239307
2427,1.68010085549645
2428,1.65771204285566
2429,1.63725680766102
2430,1.61804872582938
2431,1.60116877665897
2432,1.58588791429041
2433,1.56985529887219
2434,1.55404966568241
2435,1.53488900431998
2436,1.51179968588158
2437,1.48301805719271
2438,1.44773237479067
2439,1.40664774205339
2440,1.35730680620099
2441,1.30446060376995
2442,1.24873747879905
2443,1.19134795816818
2444,1.13776417206126
2445,1.09163659522845
2446,1.05407022078595
2447,1.03121903343121
2448,1.02375805831118
2449,1.03449098313589
2450,1.06273385762871
2451,1.10811398256261
2452,1.16976797003542
2453,1.24190550264379
2454,1.32310696486456
2455,1.40773200928152
2456,1.49192336171938
2457,1.57148300714814
2458,1.64291963757755
2459,1.70449944450741
2460,1.75538007734597
2461,1.79249123281583
2462,1.82206003718281
2463,1.8410638401475
2464,1.85350432242729
2465,1.86298141077969
2466,1.87076987488156
2467,1.87888092871598
2468,1.88892922838805
2469,1.90175621210711
2470,1.91642441520861
2471,1.9305258558522
2472,1.94345222267321
2473,1.9506693622036
2474,1.94838716040765
2475,1.93459875503349
2476,1.90485922154123
2477,1.8576653966097
2478,1.79249748463841
2479,1.70814367811531
2480,1.61151291969292
2481,1.50115778770645
2482,1.38742645066715
2483,1.27637894988486
2484,1.17419358493944
2485,1.08987369370745
2486,1.03071982668813
2487,1
2488,1.00208951411114
2489,1.03680327686588
2490,1.10245622822161
2491,1.19402445723914
2492,1.3045639994522
2493,1.42852770643319
2494,1.55537980219646
2495,1.67824001110609
2496,1.79082026980288
2497,1.88740745388439
2498,1.96236811925718
2499,2.01752552985322
2500,2.04878580346914
2501,2.06128936600195
2502,2.05443104973164
2503,2.03507670761511
2504,2.00565838407751
2505,1.97014743333791
2506,1.93397087307016
2507,1.89975510191892
2508,1.86953172080597
2509,1.84601132888328
2510,1.82919842055513
2511,1.81929451432665
2512,1.81421389103006
2513,1.8129812467963
2514,1.81427528903014
2515,1.81253582559682
2516,1.80820228119361
2517,1.79949593914712
2518,1.78037169600137
2519,1.75520110312587
2520,1.71954485796606
2521,1.67541785851397
2522,1.62308646537935
2523,1.56521016164882
2524,1.50252287510072
2525,1.4396709454025
2526,1.37708248738519
2527,1.32112168071061
2528,1.27174943133609
2529,1.23334746606486
2530,1.20911326851093
2531,1.19914486396357
2532,1.20615430692101
2533,1.23058669515005
2534,1.27163412406177
2535,1.32878884063292
2536,1.39949459423145
2537,1.48181652194265
2538,1.57252213707975
2539,1.66519748238275
2540,1.76056586547131
2541,1.84940047265363
2542,1.92979585460696
2543,1.99883233248335
2544,2.05225993184431
2545,2.08632985198902
2546,2.10426938473144
2547,2.10112323522275
2548,2.08036892334707
2549,2.04377008011219
2550,1.99333949051743
2551,1.93345563998625
2552,1.86732878278609
2553,1.79990651566515
2554,1.73528687466959
2555,1.6763716010109
2556,1.62745134567292
2557,1.5905930558314
2558,1.5668384523051
2559,1.55680020564595
2560,1.55992640913225
2561,1.57453477739083
2562,1.59728568006245
2563,1.62490864213421
2564,1.65649293422887
2565,1.68250224999062
2566,1.70522628497914
2567,1.71960601293823
2568,1.72199910518774
2569,1.7138175059518
2570,1.69614998794619
2571,1.66739584519054
2572,1.63425428583632
2573,1.59852363907086
2574,1.56566330130202
2575,1.53994331591525
2576,1.52655903916177
2577,1.52944445760286
2578,1.55117764601914
2579,1.59366499698798
2580,1.65752613516603
2581,1.74049166104875
2582,1.8400662575105
2583,1.95170119484926
2584,2.06944933051407
2585,2.18810314154276
2586,2.29751976380435
2587,2.39542757749449
2588,2.47160633182471
2589,2.52070132584554
2590,2.54102657657254
2591,2.52772547743275
2592,2.47896689167945
2593,2.39989058161851
2594,2.2910278856688
2595,2.15750257989699
2596,2.0100474057485
2597,1.85341044312169
2598,1.69947049607915
2599,1.55667307141614
2600,1.43427048830185
2601,1.33982104849072
2602,1.27806268395428
2603,1.25296222286937
2604,1.26381650849954
2605,1.30830646611204
2606,1.38087445637278
2607,1.47462606953731
2608,1.58089540030084
2609,1.69088347066303
2610,1.79456902274448
2611,1.88867415144751
2612,1.96191961265107
2613,2.01520537096609
2614,2.04717389361978
2615,2.05565970294728
2616,2.04619504126105
2617,2.02394594246664
2618,1.99004254077701
2619,1.95390132454657
2620,1.9188834524581
2621,1.89000921562457
2622,1.87059010677027
2623,1.86389063019991
2624,1.87094800386428
2625,1.89106875304949
2626,1.92387960038001
2627,1.96683311496069
2628,2.01650577182582
2629,2.06923145780211
2630,2.1211561572229
2631,2.16730469168684
2632,2.20475605306791
2633,2.22777740228129
2634,2.23532118422614
2635,2.22480457439716
2636,2.191832096576
2637,2.14131220933623
2638,2.07019697183772
2639,1.9805817764041
2640,1.87826331014795
2641,1.76594601560273
2642,1.64683803931886
2643,1.53123106542891
2644,1.42117807074367
2645,1.32485934726686
2646,1.24783625834239
2647,1.19466262718268
2648,1.16961609572509
2649,1.17363979565822
2650,1.20841810993199
2651,1.27157378422054
2652,1.35900438842821
2653,1.46653183339581
2654,1.58744763177917
2655,1.71353496564779
2656,1.83907816142583
2657,1.95431417214635
2658,2.05642944046568
2659,2.13670420661703
2660,2.19415504645536
2661,2.22763872120279
2662,2.23620143093043
2663,2.22183303016793
2664,2.19213042240959
2665,2.14631390921675
2666,2.09441577157825
2667,2.04122125331791
2668,1.99090287168626
2669,1.94954905530601
2670,1.92054382723248
2671,1.90625593017206
2672,1.90693351658337
2673,1.92230257652281
2674,1.95050282258938
2675,1.98684084347005
2676,2.0274941157647
2677,2.06745496606339
2678,2.10083622852512
2679,2.12221792925524
2680,2.128080165591
2681,2.11341244350743
2682,2.07882144612247
2683,2.02019099795565
2684,1.94350899971714
2685,1.84920455003754
2686,1.7425636858152
2687,1.63129432795286
2688,1.52209766126933
2689,1.42017623350604
2690,1.33610106695088
2691,1.2735447063517
2692,1.23738535874761
2693,1.23144208690988
2694,1.25566706713643
2695,1.30980529543539
2696,1.38916004576224
2697,1.49065121537368
2698,1.60781219882064
2699,1.73223507339349
2700,1.85818132008634
2701,1.97928551467651
2702,2.085380277844
2703,2.17575551587647
2704,2.24187285811058
2705,2.28392354897581
2706,2.2987697212581
2707,2.28740390821593
2708,2.25245707242119
2709,2.19614269237313
2710,2.12202231999604
2711,2.03843895246743
2712,1.9468890134164
2713,1.85523592815954
2714,1.7696883754915
2715,1.69253518106906
2716,1.62938070217155
2717,1.58191555712778
2718,1.55171238199245
2719,1.53800110775388
2720,1.5386254819337
2721,1.55291190410083
2722,1.57436060194432
2723,1.60042058721265
2724,1.62695001696969
2725,1.650016784997
2726,1.66482107748379
2727,1.67246088648839
2728,1.66846349664447
2729,1.65564346320135
2730,1.63332527818049
2731,1.60546246730538
2732,1.57381657932223
2733,1.54178040140495
2734,1.51305184993206
2735,1.4908411418906
2736,1.47614209016366
2737,1.4729091579257
2738,1.48090371634932
2739,1.50021567367205
2740,1.53123245991744
2741,1.57188149171755
2742,1.62139256968005
2743,1.67598775595138
2744,1.73467800047163
2745,1.79455561751816
2746,1.85130877318147
2747,1.90327518493822
2748,1.94969558642798
2749,1.98262039369895
2750,2.00587170253501
2751,2.01452343786148
2752,2.00672274155607
2753,1.9841046655293
2754,1.94480299882663
2755,1.8904466366514
2756,1.82282513419803
2757,1.74367491060243
2758,1.65796872708531
2759,1.56823006319368
2760,1.47912828055279
2761,1.39759874475316
2762,1.32523472463735
2763,1.26844469502965
2764,1.23023596717802
2765,1.21218506276258
2766,1.21589290902793
2767,1.23931877276453
2768,1.28245391826748
2769,1.33899345581948
2770,1.40546887530261
2771,1.47705804947744
2772,1.54810527946295
2773,1.61143437129753
2774,1.66732867416914
2775,1.70950475998232
2776,1.73698574841083
2777,1.75220942431603
2778,1.75477652197312
2779,1.74741072218666
2780,1.73572200547067
2781,1.72092189201613
2782,1.70955881918423
2783,1.70240463234743
2784,1.70389499418325
2785,1.71461021182481
2786,1.7339840794005
2787,1.76224100564242
2788,1.79546005335908
2789,1.83243789761948
2790,1.8671424065725
2791,1.89689477983807
2792,1.91905499349008
2793,1.9269032206953
2794,1.92034318229786
2795,1.89920330482175
2796,1.85834196456074
2797,1.80322588523449
2798,1.73488328510336
2799,1.65354007876569
2800,1.56691842924517
2801,1.47628821523152
2802,1.38761546431802
2803,1.30374354648163
2804,1.22880386372792
2805,1.16556461685494
2806,1.11508808571457
2807,1.07824642615637
2808,1.05520220491287
2809,1.04452765716664
2810,1.04432298977745
2811,1.05307088435796
2812,1.06867250065118
2813,1.08978530288303
2814,1.11267261595442
2815,1.13985610033029
2816,1.16839693994363
2817,1.19720462461043
2818,1.2293483449997
2819,1.26347992289821
2820,1.30007374436225
2821,1.34239678367427
2822,1.39046625027367
2823,1.44217961415129
2824,1.49494465211033
2825,1.54703346590409
2826,1.59600971116575
2827,1.64263702694456
2828,1.68178388688068
2829,1.71359823149675
2830,1.73779164590354
2831,1.75088058054524
2832,1.75216694376198
2833,1.74500205720812
2834,1.72418489845475
2835,1.69456307954317
2836,1.65610468887288
2837,1.61070644989567
2838,1.56065954334182
2839,1.50867593685631
2840,1.4577625176981
2841,1.41020729494212
2842,1.36818938664834
2843,1.33442874068433
2844,1.30956898000804
2845,1.29435060624245
2846,1.28864443171293
2847,1.29159253765296
2848,1.30182612071907
2849,1.31645427519811
2850,1.333563333595
2851,1.35318097207379
2852,1.36777612231412
2853,1.38149316191641
2854,1.39142028799108
2855,1.3954295332042
2856,1.39684435063894
2857,1.39742747657342
2858,1.39522383606987
2859,1.39726949029241
2860,1.40247729638409
2861,1.41408499676226
2862,1.43330663677063
2863,1.4606283165722
2864,1.49654828974087
2865,1.53910412803155
2866,1.58695289485547
2867,1.6375064924449
2868,1.68758380287907
2869,1.73350739405025
2870,1.77241086173123
2871,1.80133409911846
2872,1.81862881331038
2873,1.81971938193395
2874,1.80986398516544
2875,1.78352295840629
2876,1.74495650186732
2877,1.69737029942009
2878,1.64149729574869
2879,1.58061608001594
2880,1.52021048502607
2881,1.46094129864149
2882,1.40570201887309
2883,1.35799177010148
2884,1.31722036125231
2885,1.28514069060801
2886,1.26099575644142
2887,1.24519700541527
2888,1.23666577848293
2889,1.23421442079464
2890,1.23866787509039
2891,1.24857107923823
2892,1.26397097430156
2893,1.28559014917421
2894,1.31319555701323
2895,1.34598085900657
2896,1.38572974704831
2897,1.42921510867346
2898,1.47798847560218
2899,1.52769730654772
2900,1.57852088658828
2901,1.62742053876123
2902,1.66989348075412
2903,1.70612247560434
2904,1.73332989581163
2905,1.74764648519906
2906,1.75163795237612
2907,1.74464518262485
2908,1.72678226151059
2909,1.70259906334442
2910,1.67529269248784
2911,1.64690179666457
2912,1.62420770368242
2913,1.60897670092892
2914,1.60589055654391
2915,1.61579033008875
2916,1.63968582169331
2917,1.67800631900992
2918,1.72563699064857
2919,1.7808468522103
2920,1.8379628841582
2921,1.89065793390659
2922,1.93354913943478
2923,1.96103676538688
2924,1.96884886224058
2925,1.95481160454384
2926,1.91635477743373
2927,1.8582384957283
2928,1.78205600513609
2929,1.69300276335132
2930,1.60232954468163
2931,1.51392346773477
2932,1.43890722514242
2933,1.3847817930894
2934,1.35755773957604
2935,1.36147617174622
2936,1.39863664725274
2937,1.46827472037908
2938,1.56678734953979
2939,1.68728173872802
2940,1.82373491705611
2941,1.96651296699369
2942,2.10508055185928
2943,2.23282423965984
2944,2.33999649308301
2945,2.42087939326521
2946,2.47103443635929
2947,2.48888169103974
2948,2.4739385292588
2949,2.42945678744074
2950,2.3588750083061
2951,2.27109855079079
2952,2.16885351705137
2953,2.06385911213937
2954,1.9624228031577
2955,1.87035127400901
2956,1.7952498664553
2957,1.74085843974501
2958,1.70951960947155
2959,1.70194158255593
2960,1.7162476932084
2961,1.75014619206175
2962,1.7971193611079
2963,1.85091906784435
2964,1.90738243045267
2965,1.95541484234812
2966,1.99170721952336
2967,2.01127375362471
2968,2.0082555101509
2969,1.98453978020912
2970,1.93819206683716
2971,1.87470489743496
2972,1.79681584725303
2973,1.71188232222414
2974,1.62696515059603
2975,1.54941750324786
2976,1.48419399793576
2977,1.43980611607778
2978,1.41781313767214
2979,1.4210411065788
2980,1.45005512919981
2981,1.50254871344171
2982,1.57525304800507
2983,1.66243408793524
2984,1.75965642561308
2985,1.86007890018132
2986,1.95618188882607
2987,2.04409868569244
2988,2.11912147149904
2989,2.1740613070218
2990,2.21110585055538
2991,2.22622222312725
2992,2.21965219922464
2993,2.19404553880241
2994,2.15121334794831
2995,2.09320564168427
2996,2.025699610539
2997,1.94978913585239
2998,1.87230732226754
2999,1.79376744252378
3000,1.71994882053782
3001,1.65301506652867
3002,1.59489408386537
3003,1.54874530335078
3004,1.51609268734435
3005,1.49780855472185
3006,1.49494193769407
3007,1.50731908339289
3008,1.53529633200215
3009,1.57632796006909
3010,1.62837014736543
3011,1.69072150505181
3012,1.7561693277288
3013,1.8221177323322
3014,1.88570566844304
3015,1.93769579396092
3016,1.97736081218261
3017,2.00005102276358
3018,2.00237261845755
3019,1.98388199674407
3020,1.94702921875953
3021,1.89221844032924
3022,1.8268748683454
3023,1.75503835452546
3024,1.68678971420543
3025,1.62800361774256
3026,1.58713537315119
3027,1.57170052237127
3028,1.58569021370145
3029,1.63165127127313
3030,1.71067960971946
3031,1.81858006727099
3032,1.95075426600063
3033,2.09817784772929
3034,2.25147090907345
3035,2.40154362686443
3036,2.5330607421945
3037,2.64070677511175
3038,2.71397453664544
3039,2.74518564647996
3040,2.73361572827736
3041,2.68017393213648
3042,2.58431891639987
3043,2.45835770333869
3044,2.30860804541635
3045,2.1468389784827
3046,1.98713714004071
3047,1.8403006708313
3048,1.71929140967527
3049,1.63215647975782
3050,1.58616024923565
3051,1.58408447990476
3052,1.62485988783268
3053,1.70412203666489
3054,1.81355786397571
3055,1.94463701962753
3056,2.08305052479515
3057,2.21773582134363
3058,2.33830347921634
3059,2.43321442621642
3060,2.49408412875361
3061,2.52184456260825
3062,2.50876124751351
3063,2.46212807186012
3064,2.38642489857421
3065,2.28760975044156
3066,2.17622705451615
3067,2.06203027065629
3068,1.95372402439786
3069,1.86071502695734
3070,1.78884744052728
3071,1.74407615130185
3072,1.72776137745183
3073,1.73970270457655
3074,1.77803115781297
3075,1.83732074455721
3076,1.91155346998869
3077,1.99269935781113
3078,2.07359873794596
3079,2.14602979426918
3080,2.20273969116518
3081,2.23793582805794
3082,2.25023028381103
3083,2.23308525687971
3084,2.1912694305289
3085,2.12662509741356
3086,2.0401926245701
3087,1.94148201289998
3088,1.8368235650619
3089,1.72982634272084
3090,1.63191352761295
3091,1.54671416430296
3092,1.47890466464384
3093,1.43357542645044
3094,1.41042656415776
3095,1.41126206430444
3096,1.4327498086329
3097,1.47274112608784
3098,1.52749545231747
3099,1.59099753166361
3100,1.66009987111248
3101,1.72832986448097
3102,1.79350015433734
3103,1.85023643588335
3104,1.89649781751814
3105,1.93199785255618
3106,1.9540413320013
3107,1.96230507346334
3108,1.9606619444012
3109,1.94603051569533
3110,1.9218419138861
3111,1.89066636834553
3112,1.85278286605159
3113,1.80935414705942
3114,1.7657459067764
3115,1.71994012735273
3116,1.67631945197616
3117,1.63697950233145
3118,1.60350612160969
3119,1.57848423249751
3120,1.56431651979399
3121,1.56261227062189
3122,1.57507294638533
3123,1.60126536211868
3124,1.64213289112785
3125,1.69556381650517
3126,1.75769109278138
3127,1.82710089559102
3128,1.89581239537098
3129,1.96135374975916
3130,2.01520656998441
3131,2.05349200478111
3132,2.07215534155694
3133,2.064831526072
3134,2.03382049309939
3135,1.9787837365933
3136,1.90070432804635
3137,1.80796716800884
3138,1.70808606316916
3139,1.60666270882475
3140,1.51753208767737
3141,1.44761626951423
3142,1.40568671778721
3143,1.39828207637662
3144,1.42861867464322
3145,1.49750879006627
3146,1.60070043728228
3147,1.73301248886096
3148,1.88528788532112
3149,2.0461326620811
3150,2.20404741712003
3151,2.34839425617791
3152,2.46746473312556
3153,2.55404210783668
3154,2.60188067575032
3155,2.61006781868273
3156,2.5781133235358
3157,2.51005246328837
3158,2.4146349381015
3159,2.29902027981398
3160,2.17238573635273
3161,2.04866544218147
3162,1.93391588326882
3163,1.83870264642013
3164,1.76899461913929
3165,1.7282188903984
3166,1.71759188000048
3167,1.73376190432869
3168,1.77391170691673
3169,1.82989199219807
3170,1.89234946280418
3171,1.9551976382652
3172,2.00736388385595
3173,2.04202814025263
3174,2.05492641558579
3175,2.04135480783741
3176,2.00303611690739
3177,1.94075449835829
3178,1.85970842911319
3179,1.76923571381335
3180,1.67218628308111
3181,1.58109279539202
3182,1.50152656342314
3183,1.43851588369946
3184,1.39752752104985
3185,1.38069475274651
3186,1.38643256926872
3187,1.41319298557235
3188,1.45658548474005
3189,1.51179669337368
3190,1.57190573465887
3191,1.6310602672845
3192,1.68500258324467
3193,1.72733952472069
3194,1.75548974137508
3195,1.76870133804933
3196,1.76582465661493
3197,1.74747276822088
3198,1.71858102618338
3199,1.67948655528718
3200,1.63725913577172
3201,1.59202872913184
3202,1.55158166279863
3203,1.51546925222762
3204,1.48656564004982
3205,1.46643654871984
3206,1.45374297100322
3207,1.44727298351641
3208,1.44522757111269
3209,1.44473725725674
3210,1.44392319434851
3211,1.43833424149231
3212,1.42850140863644
3213,1.41819498168092
3214,1.41328394572175
3215,1.40557097322385
3216,1.39322084271761
3217,1.37777013748975
3218,1.36085817150748
3219,1.34614814926671
3220,1.33541877111804
3221,1.33177271157653
3222,1.33586274845764
3223,1.34734562599089
3224,1.36730729003007
3225,1.3930273070548
3226,1.42095799345014
3227,1.4502605764547
3228,1.47710957099234
3229,1.49675173796018
3230,1.51061731275791
3231,1.5153763696186
3232,1.51081008467628
3233,1.50061264747838
3234,1.48518427220345
3235,1.47003026657761
3236,1.45727678832396
3237,1.45206088533209
3238,1.45849673807721
3239,1.477073860398
3240,1.51113257425552
3241,1.55899819766488
3242,1.61978650882341
3243,1.6891014422809
3244,1.76195860287286
3245,1.8349884441486
3246,1.8987390864408
3247,1.94915867267467
3248,1.98282676994114
3249,1.99172817916964
3250,1.97718717820874
3251,1.93942703656191
3252,1.87743428490171
3253,1.79939519621734
3254,1.70804292672186
3255,1.61345126500015
3256,1.52136793670512
3257,1.43992623151633
3258,1.37694878374408
3259,1.33567158664959
3260,1.31969755123612
3261,1.32932370557627
3262,1.36185482173141
3263,1.4135837768775
3264,1.47674975869328
3265,1.54612614556767
3266,1.61399712866952
3267,1.67184170778593
3268,1.71712599105451
3269,1.74592324535012
3270,1.7541320211524
3271,1.74730570527043
3272,1.72496107540683
3273,1.69216927130844
3274,1.65466262047221
3275,1.6178866695361
3276,1.58621319163763
3277,1.5640799159977
3278,1.55373171625152
3279,1.55667690222929
3280,1.57099131855219
3281,1.59494340523204
3282,1.6236427052928
3283,1.65365490320844
3284,1.67882058383686
3285,1.69282727200739
3286,1.69701534929145
3287,1.68328673382222
3288,1.65406316028094
3289,1.61125207073864
3290,1.5577675433985
3291,1.49702585369951
3292,1.43762735671572
3293,1.38393201757167
3294,1.34228484574218
3295,1.31761661161733
3296,1.31317146178291
3297,1.32971093609928
3298,1.36647985051075
3299,1.41989803707411
3300,1.48455671609098
3301,1.55571270610625
3302,1.62413492951744
3303,1.68339936537129
3304,1.73143106974517
3305,1.75706913501643
3306,1.76412901748657
3307,1.75085281523068
3308,1.71795190771981
3309,1.67172482566654
3310,1.61926185871008
3311,1.56482216496318
3312,1.51869132277022
3313,1.4865350922873
3314,1.47457808865298
3315,1.48674734069651
3316,1.52436195194826
3317,1.58759451877783
3318,1.67245198775731
3319,1.77390475639897
3320,1.88424493162941
3321,1.99707960145893
3322,2.10153059111711
3323,2.1915017700518
3324,2.25870250896629
3325,2.30074747074063
3326,2.31002713498358
3327,2.29168275320191
3328,2.24426606441797
3329,2.17145666642855
3330,2.08257031292044
3331,1.98182481380926
3332,1.87823908151424
3333,1.78002386969397
3334,1.69421985279096
3335,1.62692715642596
3336,1.58149304725398
3337,1.56077348635497
3338,1.56456679884762
3339,1.58829318312513
3340,1.62932796874132
3341,1.6802200741902
3342,1.73331823732325
3343,1.78318997074658
3344,1.81930680819398
3345,1.8413712269323
3346,1.84088225859657
3347,1.81971961146031
3348,1.77981688316153
3349,1.7224890272972
3350,1.65516953821294
3351,1.58630919270186
3352,1.52105644182159
3353,1.4676667415153
3354,1.43397782102866
3355,1.42219601916024
3356,1.43596719998132
3357,1.47447592826187
3358,1.5358262900386
3359,1.61444634763357
3360,1.70470541973339
3361,1.79926996973651
3362,1.89127209648064
3363,1.97199365554872
3364,2.03782539766468
3365,2.0818075760569
3366,2.10305585123756
3367,2.09901773084209
3368,2.07161172277228
3369,2.02440884615927
3370,1.95759859526883
3371,1.88064610917785
3372,1.79629749228815
3373,1.70815547887376
3374,1.62390819837753
3375,1.54497554139156
3376,1.47328493228208
3377,1.41156715904985
3378,1.35821267159417
3379,1.31343143313639
3380,1.27509103090659
3381,1.2423818816902
3382,1.21551888181252
3383,1.19344574449814
3384,1.17900302475142
3385,1.17212907690952
3386,1.17260349117801
3387,1.1810752991958
3388,1.19988668349912
3389,1.22752832587326
3390,1.26813883250947
3391,1.32045003901198
3392,1.3826739329904
3393,1.45427788431033
3394,1.53062323165642
3395,1.60633907463641
3396,1.67859818649326
3397,1.73917011877559
3398,1.78733807092609
3399,1.81587108105056
3400,1.82592242320643
3401,1.81752205733496
3402,1.79188249685763
3403,1.75356653557846
3404,1.71082632442221
3405,1.66723405570402
3406,1.63270373005662
3407,1.61336863047123
3408,1.61439644308052
3409,1.64002134087365
3410,1.69059957476301
3411,1.76630047639083
3412,1.8610412054827
3413,1.96939556623036
3414,2.08320389636701
3415,2.19302951687579
3416,2.2874469056174
3417,2.36090458157706
3418,2.40359823039849
3419,2.41020968189539
3420,2.38140359524797
3421,2.31475481585229
3422,2.21866936290084
3423,2.0962681924115
3424,1.96076925553318
3425,1.82266928761055
3426,1.69234563662589
3427,1.58345421360786
3428,1.50449427683921
3429,1.4625602796762
3430,1.46239359597827
3431,1.50355419206775
3432,1.58361923903323
3433,1.69436454770201
3434,1.82667536499712
3435,1.97172282854535
3436,2.11159664613457
3437,2.24094445721847
3438,2.34659995246789
3439,2.42033645761873
3440,2.45914117415094
3441,2.46077298971956
3442,2.42787924004579
3443,2.36476648658275
3444,2.27880369440436
3445,2.18030897837583
3446,2.07662250899498
3447,1.97901349671545
3448,1.89544484184692
3449,1.83187186444682
3450,1.79337363190914
3451,1.78165435134967
3452,1.79620457582449
3453,1.83301180924931
3454,1.88708048501452
3455,1.95143624303566
3456,2.01793378249238
3457,2.07658237916169
3458,2.12152646445878
3459,2.14614878323505
3460,2.14168361483259
3461,2.11172949131887
3462,2.05235411422949
3463,1.96742989962823
3464,1.86441210200787
3465,1.74830560451158
3466,1.62956303718962
3467,1.51686824665086
3468,1.41837717604104
3469,1.34287036165267
3470,1.29330057048355
3471,1.27431061305695
3472,1.28552799770699
3473,1.32352013448641
3474,1.38511333475317
3475,1.4622638823477
3476,1.55046036907874
3477,1.63917543284493
3478,1.72309371097652
3479,1.79847220783498
3480,1.85595641383418
3481,1.89718728549569
3482,1.9203821975479
3483,1.92349698738738
3484,1.91195497628578
3485,1.88648398246894
3486,1.85097735464379
3487,1.80819631975514
3488,1.76302048512219
3489,1.71587278798916
3490,1.66999966722708
3491,1.62576136743852
3492,1.58454645037826
3493,1.5458837524273
3494,1.50967898117289
3495,1.47630391531845
3496,1.44316850400623
3497,1.40930464573925
3498,1.37373688772836
3499,1.33696002150801
3500,1.3006409505577
3501,1.26863445428854
3502,1.24344058060836
3503,1.22933117183312
3504,1.22882049280215
3505,1.244573306313
3506,1.27675978228491
3507,1.32283893288373
3508,1.38339127441583
3509,1.45029916670816
3510,1.51954642434747
3511,1.58577197969777
3512,1.64341093382246
3513,1.68413886949163
3514,1.71139325897452
3515,1.71744899187905
3516,1.70645555563884
3517,1.68278612432846
3518,1.64940184739362
3519,1.61438527467829
3520,1.58488519441408
3521,1.56802597878936
3522,1.57076976858204
3523,1.59628859295252
3524,1.64847234884558
3525,1.72666550292031
3526,1.82696152996374
3527,1.94583628903524
3528,2.07291181128271
3529,2.20316608626136
3530,2.32249502722518
3531,2.42405418822837
3532,2.50031507632103
3533,2.54151223743135
3534,2.5459688575385
3535,2.51352941288312
3536,2.44167084649659
3537,2.33934663724496
3538,2.21279860849712
3539,2.06995209199381
3540,1.92205001107223
3541,1.78056162941012
3542,1.65465657177744
3543,1.55281727636599
3544,1.48166500028478
3545,1.44444213552252
3546,1.44079435302191
3547,1.46823346810343
3548,1.52006812225603
3549,1.58989500449481
3550,1.66660885047352
3551,1.74181488235059
3552,1.80600232883011
3553,1.85382109742477
3554,1.8773201957897
3555,1.87850961511078
3556,1.85739534181443
3557,1.81491562164
3558,1.76224105684755
3559,1.70373889670874
3560,1.64613014595627
3561,1.60055241615335
3562,1.5701112876712
3563,1.56080881809982
3564,1.57449688841194
3565,1.61066473594759
3566,1.66807805719285
3567,1.73999999623166
3568,1.82231932277841
3569,1.90653388236698
3570,1.98569580112682
3571,2.0522904110915
3572,2.09979132335552
3573,2.12479432742539
3574,2.12281207608248
3575,2.09286775429162
3576,2.03983401531967
3577,1.96202966379181
3578,1.86819970012028
3579,1.76517998584395
3580,1.65721341426108
3581,1.55430377494464
3582,1.46184831871954
3583,1.38581547585056
3584,1.32938301970267
3585,1.2943103252724
3586,1.28132264750608
3587,1.28667892027788
3588,1.30672080972597
3589,1.33729094048832
3590,1.37175916444286
3591,1.40545303213954
3592,1.43302656019737
3593,1.45175136127195
3594,1.46098308090339
3595,1.45823886047169
3596,1.44799580415328
3597,1.43401007361387
3598,1.41707110251481
3599,1.40637562333448
3600,1.40353233376227
3601,1.41327471227311
3602,1.4376407857209
3603,1.47710840220138
3604,1.53166775394622
3605,1.59569977319238
3606,1.66731287493649
3607,1.73935558151859
3608,1.8057604967094
3609,1.86182222183392
3610,1.90034429004972
3611,1.91983443298108
3612,1.91719811855567
3613,1.8905732298116
3614,1.84704077376961
3615,1.78521606180638
3616,1.71347606079974
3617,1.63852674700695
3618,1.56691042463918
3619,1.50388748490281
3620,1.45701156950207
3621,1.42876011245627
3622,1.42100657485121
3623,1.43277562883748
3624,1.46206518586823
3625,1.50387559144715
3626,1.55153141889316
3627,1.59924480727912
3628,1.63991260865306
3629,1.66812776486508
3630,1.67984326041591
3631,1.67273828915004
3632,1.64875911191075
3633,1.60832422377486
3634,1.55871193456013
3635,1.50571280993721
3636,1.45558113057152
3637,1.41581476305936
3638,1.39448754612469
3639,1.39293282441125
3640,1.41564818011926
3641,1.46163902049993
3642,1.52831194953516
3643,1.61114927496858
3644,1.70196021489757
3645,1.7961774127194
3646,1.88405015080119
3647,1.95776466514999
3648,2.01437032019938
3649,2.04738383265926
3650,2.05470811566058
3651,2.03920792019591
3652,1.99880192981213
3653,1.94219496974716
3654,1.8698792057861
3655,1.79192325562137
3656,1.71183009782253
3657,1.63478526797547
3658,1.56691664079348
3659,1.50931025986545
3660,1.46432205875484
3661,1.43056776255003
3662,1.40645532077231
3663,1.39054144383596
3664,1.37560672959248
3665,1.36080691800844
3666,1.34326187438397
3667,1.31734459768659
3668,1.2856376746331
3669,1.24766322690041
3670,1.20539038514525
3671,1.16389295155983
3672,1.12576154930642
3673,1.09974754508077
3674,1.08794312509199
3675,1.09537853996267
3676,1.12555032661204
3677,1.17795546158996
3678,1.2526197328585
3679,1.34437402735244
3680,1.44995114509176
3681,1.56329056435325
3682,1.67368174346525
3683,1.77967440595073
3684,1.87091806508215
3685,1.94266032870688
3686,1.99385325273836
3687,2.02015943253893
3688,2.02404364533082
3689,2.00750032004973
3690,1.97425364789812
3691,1.931829688121
3692,1.88331503952124
3693,1.83801099925198
3694,1.80066065103323
3695,1.77568523992157
3696,1.76740913748747
3697,1.77667965447004
3698,1.80394703812757
3699,1.8452143371747
3700,1.89644600783581
3701,1.95339389173176
3702,2.00599498176979
3703,2.04852441143009
3704,2.07586577729883
3705,2.07840636210163
3706,2.05615611063751
3707,2.00554833233222
3708,1.92976244854598
3709,1.83136169122022
3710,1.71937015555603
3711,1.60167322442196
3712,1.48863148211357
3713,1.39144709562251
3714,1.31969892154277
3715,1.28182438528615
3716,1.28210084666805
3717,1.3238877051393
3718,1.4048486745126
3719,1.51995618029363
3720,1.66100204796258
3721,1.81748580426039
3722,1.97935963214505
3723,2.1308143989054
3724,2.26458010684263
3725,2.3711897224309
3726,2.44084293543056
3727,2.47348743841556
3728,2.46902356172863
3729,2.4262483051007
3730,2.35780736410673
3731,2.26599208089106
3732,2.16350868432495
3733,2.05884526892374
3734,1.96183301471168
3735,1.88138100120873
3736,1.82235264702403
3737,1.78945967177502
3738,1.78386827288115
3739,1.80283316421516
3740,1.84263093693908
3741,1.89593552165535
3742,1.9557687214209
3743,2.01313752986675
3744,2.05709837379352
3745,2.08626080062477
3746,2.08885891614018
3747,2.06585210829855
3748,2.01684754645602
3749,1.94318547837759
3750,1.85027838540326
3751,1.7464957641237
3752,1.63863029443051
3753,1.53384404071084
3754,1.442587514138
3755,1.36847984732479
3756,1.31702372023281
3757,1.28927051273059
3758,1.28552079553644
3759,1.30298916445835
3760,1.33718995291849
3761,1.38415519014611
3762,1.43760039794753
3763,1.4935896062426
3764,1.5462806012939
3765,1.59399727720673
3766,1.63413438299683
3767,1.66618899697947
3768,1.68920192565848
3769,1.70868900837267
3770,1.71921952016413
3771,1.72885482492846
3772,1.73723579693051
3773,1.74155511674463
3774,1.74631334334056
3775,1.74913657942206
3776,1.74577648186042
3777,1.73832351108442
3778,1.72298266495285
3779,1.69737454938587
3780,1.66307123901548
3781,1.62009462711014
3782,1.5675262507252
3783,1.51224006818138
3784,1.45471775072998
3785,1.40229464861368
3786,1.3584967925872
3787,1.32916678329807
3788,1.31941112490366
3789,1.33076459511019
3790,1.36619438742326
3791,1.42464003160185
3792,1.50286419027516
3793,1.59702635416371
3794,1.69934712495322
3795,1.80384002261909
3796,1.90205742142862
3797,1.98464546510954
3798,2.04987878222029
3799,2.08910630686951
3800,2.10152806008012
3801,2.09146619255857
3802,2.05685261131091
3803,2.00678058663313
3804,1.94801063862959
3805,1.88864620887975
3806,1.83603892082382
3807,1.80067399560334
3808,1.78688252497411
3809,1.80048129381243
3810,1.8430985867291
3811,1.91457054567911
3812,2.01148897035996
3813,2.12756785629815
3814,2.25535194597817
3815,2.38505929328464
3816,2.50616532247359
3817,2.60806362631215
3818,2.68172946394296
3819,2.71914772032748
3820,2.7145227963363
3821,2.66498357711157
3822,2.57579408154502
3823,2.4439100988518
3824,2.28469814906766
3825,2.10621707411941
3826,1.91957895341219
3827,1.7420030266628
3828,1.58538690760924
3829,1.46196014178768
3830,1.38269832847909
3831,1.35253553950501
3832,1.37488133963064
3833,1.44598103422446
3834,1.5594555737823
3835,1.70649647158481
3836,1.87137988119464
3837,2.04267801019678
3838,2.20490503361301
3839,2.34526958219565
3840,2.45460962446705
3841,2.52332527365646
3842,2.55299084484726
3843,2.53946940442839
3844,2.49023583210205
3845,2.41192839102691
3846,2.31495524939696
3847,2.20770772986586
3848,2.10473421088369
3849,2.01338768942158
3850,1.94235883182249
3851,1.89868898379783
3852,1.88423895205452
3853,1.89905908327104
3854,1.93997939447723
3855,2.00191731593651
3856,2.07680033449508
3857,2.15508080471109
3858,2.22863507519867
3859,2.28892420500509
3860,2.32576383530034
3861,2.33787898038275
3862,2.31807759990339
3863,2.26939588633802
3864,2.19143504014824
3865,2.08930563207792
3866,1.97092343597892
3867,1.8410219782869
3868,1.70848614817613
3869,1.58307324175896
3870,1.46620256885927
3871,1.3679080344808
3872,1.28916836846074
3873,1.23089042563428
3874,1.1942247094197
3875,1.17650964902788
3876,1.17612743221508
3877,1.1889867989
3878,1.21228577627108
3879,1.24483758002632
3880,1.2818744901458
3881,1.32383391858811
3882,1.37032531385179
3883,1.41952099719923
3884,1.47188258665302
3885,1.52918762384858
3886,1.58750670771403
3887,1.64864667260764
3888,1.71005229119398
3889,1.76868538649098
3890,1.82260140120848
3891,1.86892013521448
3892,1.90388387212963
3893,1.92700674716123
3894,1.93328462309657
3895,1.92684930799529
3896,1.90448882140662
3897,1.87037723728972
3898,1.82849673105439
3899,1.78227953689209
3900,1.73702440153719
3901,1.69955467462123
3902,1.67322357720484
3903,1.66316055781964
3904,1.67132362829299
3905,1.69919836285112
3906,1.74547797280877
3907,1.8053422871803
3908,1.87616005830961
3909,1.94984610614987
3910,2.01827817481131
3911,2.07511115144156
3912,2.11489762820383
3913,2.12758239968506
3914,2.11614595741084
3915,2.07546684072973
3916,2.00953948546724
3917,1.92442599060987
3918,1.82510705064778
3919,1.72394334644084
3920,1.62795263024422
3921,1.54864537776861
3922,1.49549994671371
3923,1.47314302493748
3924,1.48750602507965
3925,1.53943828939921
3926,1.62642628496181
3927,1.74343992679072
3928,1.88229181260286
3929,2.03482321297572
3930,2.1879625259137
3931,2.33034440770465
3932,2.45540578472192
3933,2.54740009850147
3934,2.60531389644166
3935,2.6218404999513
3936,2.59667995696524
3937,2.53199377307267
3938,2.43294029032552
3939,2.30746574771673
3940,2.16457880313691
3941,2.01539860637053
3942,1.87215922073385
3943,1.7438876813403
3944,1.64044282120382
3945,1.56869821818351
3946,1.53269778524319
3947,1.53254125793572
3948,1.56629026858566
3949,1.62872499915442
3950,1.71158864213312
3951,1.80537698112802
3952,1.89932889483687
3953,1.98635318357566
3954,2.05292540514786
3955,2.09664203423247
3956,2.11361119842646
3957,2.09886244285608
3958,2.05958358611671
3959,1.99859734907468
3960,1.92060668360157
3961,1.83752521063223
3962,1.75471958492573
3963,1.68146705344365
3964,1.62428552218801
3965,1.58677054492524
3966,1.57334294229973
3967,1.58163490039086
3968,1.61066180208074
3969,1.65549676744107
3970,1.70969078858136
3971,1.76766083785137
3972,1.81944741273968
3973,1.86360118415493
3974,1.89052170930427
3975,1.8977835905559
3976,1.88704262888269
3977,1.85496664174358
3978,1.80474497474319
3979,1.7435162714106
3980,1.67125216277086
3981,1.59635334759935
3982,1.52289986900987
3983,1.45521368082804
3984,1.39548085320342
3985,1.34645005401885
3986,1.30718703238191
3987,1.2771120578974
3988,1.25361923855967
3989,1.23598895783122
3990,1.22742935749059
3991,1.23175410774935
3992,1.23387330915104
3993,1.23171044534612
3994,1.22471450595466
3995,1.21241837560623
3996,1.19976784365485
3997,1.19012971122245
3998,1.18785921990593
3999,1.19724606228051
4000,1.2210386563496
4001,1.26156084672219
4002,1.31911963851238
4003,1.39098358738283
4004,1.47467414110371
4005,1.56463286072669
4006,1.6559610986708
4007,1.74036713120764
4008,1.81436049933253
4009,1.87367827376821
4010,1.91086520687342
4011,1.93037693173149
4012,1.92971192413068
4013,1.91092403292883
4014,1.88110378756879
4015,1.84348471395374
4016,1.80418158223205
4017,1.77014685480653
4018,1.74487564615765
4019,1.73374053762073
4020,1.73694252067693
4021,1.75599082011826
4022,1.78899113189023
4023,1.83115182190516
4024,1.87900600929946
4025,1.92526636864519
4026,1.96503557168454
4027,1.99096724587148
4028,1.997793186632
4029,1.98423386126456
4030,1.94560277447438
4031,1.88310987922469
4032,1.80212438075779
4033,1.70382066975811
4034,1.59705780794074
4035,1.48973766014201
4036,1.38944309267668
4037,1.30317295482269
4038,1.2399402169063
4039,1.20220100246173
4040,1.19371614630341
4041,1.21386945578829
4042,1.26058791690941
4043,1.3291757225338
4044,1.41257343769316
4045,1.50485766201135
4046,1.59766652878527
4047,1.68390249300504
4048,1.7579671177206
4049,1.81458104756822
4050,1.85303958433739
4051,1.86875538606712
4052,1.86589284066373
4053,1.84662502172427
4054,1.81171800522716
4055,1.76842297728136
4056,1.72192380260547
4057,1.67252004867196
4058,1.62922708817632
4059,1.59154660104448
4060,1.56270997751638
4061,1.54286656086536
4062,1.53099951584749
4063,1.52657164195264
4064,1.52522942255819
4065,1.52506646488525
4066,1.52337003331259
4067,1.51643194705882
4068,1.50284035903038
4069,1.48197380896425
4070,1.45381763054895
4071,1.42154187909875
4072,1.38386527154685
4073,1.35069588267517
4074,1.32040385967785
4075,1.29855477757661
4076,1.28838738435203
4077,1.29046807006105
4078,1.3069491511777
4079,1.33492966232588
4080,1.37384273787164
4081,1.42079428210854
4082,1.4689577779412
4083,1.51628989059261
4084,1.55661062976633
4085,1.58623133127344
4086,1.60197615750863
4087,1.60196547375162
4088,1.58781277094382
4089,1.56054444362865
4090,1.52340838174723
4091,1.48491669363291
4092,1.44729573262196
4093,1.41976224371536
4094,1.40769072879367
4095,1.4151047064259
4096,1.44617794729013
4097,1.4997224277629
4098,1.57642196753866
4099,1.67048714575736
4100,1.7749526730794
