1,1.78423140235162
2,1.7859682908318
3,1.78703592151125
4,1.78637573071088
5,1.78649521029352
6,1.78232218845822
7,1.7883460015629
8,1.78507751584993
9,1.78478899745162
10,1.78423996105817
11,1.81257144489602
12,1.8350818986948
13,1.85093726863943
14,1.8585348195502
15,1.86363093488762
16,1.8519300884559
17,1.83453424498645
18,1.8079572253932
19,1.77485730630654
20,1.73236308323065
21,1.68117677355201
22,1.6331122857374
23,1.5752834822981
24,1.52440411310497
25,1.4752475443056
26,1.43217051875208
27,1.39191601802649
28,1.36674232718754
29,1.34566211647807
30,1.33854677228159
31,1.33593744575381
32,1.34365453432752
33,1.36095489313103
34,1.38315901814949
35,1.41129978829777
36,1.44334481670114
37,1.47361932852522
38,1.50942116517828
39,1.54057989653105
40,1.5728396758096
41,1.60400923213312
42,1.630805642597
43,1.65804211874116
44,1.68251453570622
45,1.70594804671799
46,1.72550641710938
47,1.74445172914426
48,1.75869400953339
49,1.77373633672536
50,1.78257725999788
51,1.79022647652195
52,1.79688512310594
53,1.79941974071868
54,1.80153914361882
55,1.79889774578918
56,1.79544600683479
57,1.79229233243212
58,1.78094781339404
59,1.76921489507938
60,1.75295409749374
61,1.73698737900469
62,1.71818444541079
63,1.69691730519736
64,1.67143886049279
65,1.64779459760567
66,1.62032489969222
67,1.59359148859552
68,1.5672104427592
69,1.53708590234464
70,1.51304157419279
71,1.4883723744364
72,1.47423209434287
73,1.45966318190347
74,1.45658321931965
75,1.4621951998368
76,1.47781233294287
77,1.50393988737119
78,1.53262831811889
79,1.57568573507782
80,1.62550916201768
81,1.67979907228341
82,1.74587952410633
83,1.80541145589103
84,1.86918516774027
85,1.92893709450716
86,1.98376304721428
87,2.02825954538305
88,2.06823288885698
89,2.09375969120429
90,2.11433287633772
91,2.12084091699439
92,2.12018864702146
93,2.11274841493445
94,2.09587049247999
95,2.0775393141919
96,2.05470753157468
97,2.03431458469978
98,2.01246696963675
99,1.99387622596515
100,1.98218296105189
101,1.97311594868846
102,1.97320848594092
103,1.97429809384443
104,1.97915079315178
105,1.98743161136127
106,1.99406193588096
107,1.99962514275136
108,2.00013223864724
109,1.99557316179094
110,1.98254608442232
111,1.96455707324768
112,1.93951866560556
113,1.90570142530433
114,1.86759827802864
115,1.83164965932812
116,1.79251987016636
117,1.76114510999495
118,1.7343458431878
119,1.71836765493196
120,1.7143711018827
121,1.72399850574953
122,1.75554343993932
123,1.79343839472079
124,1.84767987625286
125,1.90656622732468
126,1.97258605930937
127,2.04020889066342
128,2.10625813738915
129,2.16209171461745
130,2.20891417670894
131,2.24472299083057
132,2.26241050237402
133,2.25688560634518
134,2.24438544842282
135,2.21557624953526
136,2.1719052593121
137,2.11979277527925
138,2.06140704016778
139,1.9978614547621
140,1.93067782127461
141,1.86842672845466
142,1.81473299352648
143,1.76241720627194
144,1.71913565238012
145,1.68862780915369
146,1.66530124260012
147,1.65168871533635
148,1.64552781337384
149,1.6475921121744
150,1.65617700694363
151,1.66776256115618
152,1.67878451445819
153,1.69405241845522
154,1.70786773661547
155,1.72270002295104
156,1.73726225392586
157,1.74721430283838
158,1.75701601121128
159,1.76651812718727
160,1.77205551710544
161,1.77988326060254
162,1.78627432252968
163,1.79719734642497
164,1.80746603582298
165,1.82138629676936
166,1.83809149380319
167,1.85941228594637
168,1.88019060638323
169,1.9055599774578
170,1.9362893872268
171,1.96329252496069
172,1.99441850448917
173,2.02669215240531
174,2.05593919013596
175,2.08089521712374
176,2.10491772189118
177,2.12306671954149
178,2.13059789321919
179,2.13309098813806
180,2.12445761316505
181,2.09953135334619
182,2.07371417051696
183,2.03932333111383
184,1.99783707917446
185,1.94709479224114
186,1.89382481450036
187,1.84704879260772
188,1.79815630144996
189,1.75878601341278
190,1.72750887831112
191,1.702401345094
192,1.69882664369401
193,1.70849827045818
194,1.73093619308217
195,1.75567682829015
196,1.80424043642364
197,1.85775881870803
198,1.91545031701068
199,1.97734211830647
200,2.03609931630248
201,2.0934669697841
202,2.1421179013752
203,2.17947741469328
204,2.21120746579498
205,2.23013256257572
206,2.23757562653118
207,2.23555992564969
208,2.2284512682434
209,2.21380814885201
210,2.19954592715974
211,2.18781644035648
212,2.17666054548167
213,2.17249598698848
214,2.17309155610565
215,2.18127245709504
216,2.19561336165925
217,2.21394657237586
218,2.23724594995668
219,2.25726146376245
220,2.2768060626093
221,2.29197213110269
222,2.2972359847692
223,2.28871766749607
224,2.28116657276432
225,2.24980013512706
226,2.20170087680347
227,2.14949006642598
228,2.07866073302412
229,2.00536264538757
230,1.92885643074849
231,1.84496760157316
232,1.77396657545906
233,1.70238733488314
234,1.6514135244293
235,1.60891731748957
236,1.5931801686915
237,1.59074422347898
238,1.60754884141407
239,1.64067153059897
240,1.69146447746825
241,1.74581595594822
242,1.81317205799276
243,1.8849238119816
244,1.94689752758633
245,2.00437002105401
246,2.05529800556916
247,2.08934122066277
248,2.11268061906475
249,2.12366495317177
250,2.1183222192642
251,2.10382971650506
252,2.07907111653717
253,2.0507926515985
254,2.01770633524977
255,1.97987048095244
256,1.94484453021748
257,1.91042865299276
258,1.87831681603727
259,1.8517091754797
260,1.82680117667009
261,1.80317956699371
262,1.78385284065885
263,1.76835538103929
264,1.75064677003288
265,1.73544418836513
266,1.72090083523795
267,1.70584292063847
268,1.68912861716445
269,1.67334144135953
270,1.65261197587269
271,1.63633139462536
272,1.61781504494412
273,1.60300979505912
274,1.58705795698284
275,1.57173374959349
276,1.56046601463693
277,1.55491660650169
278,1.54698221564983
279,1.54312968386417
280,1.55193339977996
281,1.56255222595774
282,1.57484299977911
283,1.59420378587673
284,1.62629631469065
285,1.6557129793276
286,1.69326208963981
287,1.73860938634112
288,1.78603484877017
289,1.82912768737981
290,1.88436945703291
291,1.93228901411547
292,1.97945167894748
293,2.02161943398485
294,2.05350012097799
295,2.08045112225187
296,2.09358030005531
297,2.09528594233558
298,2.08758126144714
299,2.07195143961426
300,2.04504695372039
301,2.00900275384092
302,1.96963577936021
303,1.9236603516764
304,1.88529570429492
305,1.84352191940782
306,1.80778633179112
307,1.77634604925229
308,1.75571765883106
309,1.74447344315932
310,1.74036286546961
311,1.74459676922725
312,1.75513419859023
313,1.76919128794524
314,1.78898808608553
315,1.80783775953543
316,1.82490073440883
317,1.83692289168596
318,1.84488686795113
319,1.84736220060947
320,1.8479362014968
321,1.83845041272102
322,1.83167336580536
323,1.81642543499619
324,1.80292175548452
325,1.79655751872073
326,1.79234351051784
327,1.79191340608904
328,1.80080216861223
329,1.81974897119364
330,1.84554937151905
331,1.87094500049302
332,1.90652267028735
333,1.94230184787089
334,1.97810489899734
335,2.00721017869009
336,2.03760479094522
337,2.04803065119303
338,2.051990813374
339,2.04143942344399
340,2.02542656736292
341,1.99243864231665
342,1.94208157795776
343,1.88753396268162
344,1.82133630757929
345,1.75839070937049
346,1.68658003879043
347,1.61634076038979
348,1.5529191475889
349,1.49821003576147
350,1.45236052783314
351,1.41568930168966
352,1.39146940337119
353,1.37723638896914
354,1.37312919490713
355,1.3794875131152
356,1.39211411371876
357,1.41039131117546
358,1.42848157206873
359,1.4509469491295
360,1.47262831908609
361,1.48994770530878
362,1.50623566411713
363,1.52131343633262
364,1.53411357835363
365,1.54529554393237
366,1.55707371622416
367,1.56785820260139
368,1.58052301349308
369,1.59384667730902
370,1.60909411435395
371,1.62429663327701
372,1.63881498825364
373,1.65203411189256
374,1.66405697187661
375,1.67277550577316
376,1.67537314516205
377,1.67559394120966
378,1.66790767976918
379,1.65942254843593
380,1.63965005759108
381,1.62008678053627
382,1.59775431698994
383,1.57430288199796
384,1.54742248489276
385,1.52221602025227
386,1.49811453827721
387,1.4783296421393
388,1.46121657202045
389,1.44408960183585
390,1.4312061995872
391,1.42192558685605
392,1.41294175326182
393,1.40670301933906
394,1.39944829137831
395,1.3914848262503
396,1.38448823947817
397,1.37716493053046
398,1.37378099097155
399,1.36744549499083
400,1.3715952791327
401,1.37366553233741
402,1.3817300850088
403,1.39808853006731
404,1.42274334330916
405,1.44791847118789
406,1.48038954966362
407,1.52147717914253
408,1.56290984938408
409,1.60469745739157
410,1.6494270328822
411,1.68911060484973
412,1.72357956708614
413,1.75296370546461
414,1.77306494613199
415,1.78493919038001
416,1.79252076408095
417,1.78736428042297
418,1.77872362485604
419,1.76404715958473
420,1.74558218253224
421,1.72007512760489
422,1.69560229494225
423,1.67081681830004
424,1.64446825056677
425,1.61924828611272
426,1.59249900518005
427,1.57131461094449
428,1.54479108808869
429,1.52290841990397
430,1.49882057207239
431,1.4747899018449
432,1.44927144934789
433,1.4218060921724
434,1.39469151631086
435,1.37127759649053
436,1.34806894435861
437,1.32710407823598
438,1.30725419971124
439,1.29500052473283
440,1.2885130587861
441,1.28824146741579
442,1.29953598944155
443,1.31395642220433
444,1.33824140440589
445,1.37144488337196
446,1.4043112508183
447,1.4450536576525
448,1.48570350689866
449,1.52413489202215
450,1.56353264169665
451,1.60098786068323
452,1.63231374509393
453,1.66016207839699
454,1.68242436800847
455,1.69944034094146
456,1.71327033943157
457,1.7226205572014
458,1.72961876831781
459,1.73575729378213
460,1.73960023079413
461,1.74471927813846
462,1.74952193104833
463,1.75413679710741
464,1.75746327904025
465,1.76079390700386
466,1.76305550665625
467,1.76552265808307
468,1.76491306430944
469,1.75520183165101
470,1.74664411844026
471,1.72915436306855
472,1.71068724273788
473,1.6944800237749
474,1.67106256767795
475,1.64910350046499
476,1.62756320474279
477,1.61451614450362
478,1.60272598694676
479,1.6031951234263
480,1.61174489560917
481,1.63351864923386
482,1.65933506308916
483,1.69641984991334
484,1.74278993758631
485,1.79000125324776
486,1.84032700369448
487,1.88742789088046
488,1.93506947071014
489,1.97151241633042
490,1.99927152202533
491,2.01405178170933
492,2.0237085987938
493,2.01694268618316
494,2.00378726454034
495,1.98493365728704
496,1.95931320278077
497,1.92914971851744
498,1.90013116966869
499,1.87345774723174
500,1.85209264696208
501,1.8364226460702
502,1.82467494043554
503,1.82316966843504
504,1.8243435205684
505,1.82969743433371
506,1.83614967800808
507,1.84261112286962
508,1.84455744856732
509,1.83899130166908
510,1.82907170084841
511,1.81086498977186
512,1.78361205803594
513,1.75232665714469
514,1.71150767863617
515,1.66726027607779
516,1.62539472443736
517,1.57872278866205
518,1.54007895127942
519,1.50649484411231
520,1.47989758441535
521,1.46401862466352
522,1.45585684103311
523,1.46289775070565
524,1.47856878479482
525,1.50635094462327
526,1.53606042740389
527,1.56690891864193
528,1.60826840702585
529,1.64755604085288
530,1.68260687119421
531,1.71406308386122
532,1.74476613013348
533,1.76900429964933
534,1.78861113653962
535,1.80060634630791
536,1.81053426229
537,1.81110472345521
538,1.81170378837795
539,1.80674306278956
540,1.79733030687807
541,1.78530315909486
542,1.76836250499713
543,1.75287725763523
544,1.73469248453782
545,1.71197207933069
546,1.69093919305417
547,1.66940897573008
548,1.64922833670774
549,1.62956394955599
550,1.61350933418525
551,1.59818534517243
552,1.58983281314156
553,1.58442772575697
554,1.5830771301941
555,1.59034874739193
556,1.6011500347284
557,1.61273888835187
558,1.62980680217828
559,1.64872013461455
560,1.66557416773106
561,1.68734754906318
562,1.70496306698779
563,1.71817303803294
564,1.7340777156674
565,1.74234591360638
566,1.75095694292353
567,1.75911170245394
568,1.77274996411364
569,1.78779877369943
570,1.80590942255837
571,1.82965355919568
572,1.86405200094896
573,1.89672404879229
574,1.94029405539227
575,1.98823460578767
576,2.04487078951854
577,2.09770630841976
578,2.15201322233343
579,2.20052763909585
580,2.24453860876855
581,2.27927406120413
582,2.30008248830153
583,2.30840607081159
584,2.30346840586701
585,2.28250951623798
586,2.25264950973139
587,2.21329309449526
588,2.16105342585836
589,2.1055698665683
590,2.04919359705385
591,1.99375294344743
592,1.94386425080424
593,1.9044264159352
594,1.87220145746946
595,1.85281980118703
596,1.84847682481019
597,1.85150459318289
598,1.86938405832659
599,1.89195487613365
600,1.92245480226479
601,1.95477991915784
602,1.98103357270535
603,2.00924812122125
604,2.02355982233289
605,2.0330175137671
606,2.03122783677857
607,2.01357920382312
608,1.99318979964397
609,1.96679218732529
610,1.93324570962428
611,1.90114889137299
612,1.87116533730266
613,1.84680358449605
614,1.82997031001228
615,1.82713294085269
616,1.83151728373178
617,1.84651135919893
618,1.8689385683596
619,1.89957594806586
620,1.93714104498444
621,1.97301047253038
622,2.00346821639024
623,2.0278974071255
624,2.04267367004692
625,2.04784252059304
626,2.03895271753649
627,2.02053069482328
628,1.98593126457475
629,1.94407318197693
630,1.8904465472637
631,1.83721131564518
632,1.77229841409444
633,1.71505701490448
634,1.66359727175434
635,1.61085489923802
636,1.56866227909698
637,1.53498590464024
638,1.50628571989349
639,1.49076297519258
640,1.48016205148838
641,1.47962885836671
642,1.4848485098152
643,1.49432382421701
644,1.50838432541252
645,1.5267194773246
646,1.54620056160123
647,1.56734501659638
648,1.58947538886161
649,1.61101679665051
650,1.63251888112301
651,1.65586715478127
652,1.67643071095448
653,1.69582198161087
654,1.71622539591262
655,1.7332863341528
656,1.74652737432904
657,1.75888655034576
658,1.76596845094055
659,1.77349081576746
660,1.77451705622903
661,1.77555815196248
662,1.77551407959694
663,1.77404655150988
664,1.77118230365832
665,1.7720596496367
666,1.7768874387101
667,1.78546903657418
668,1.79393792639007
669,1.80984218039562
670,1.82537316824579
671,1.84186665929752
672,1.86055749762413
673,1.87547152753228
674,1.8898100674578
675,1.89901097631287
676,1.90274272749705
677,1.89844913731769
678,1.88792232430909
679,1.87146438388771
680,1.84968493741525
681,1.81975810293646
682,1.7970766662081
683,1.77056145375721
684,1.75087898104087
685,1.73662924282382
686,1.73133078758538
687,1.73568271468938
688,1.75017278537967
689,1.77763777836288
690,1.81664248566241
691,1.86029676201307
692,1.90546498117281
693,1.95904693865772
694,2.01125468941344
695,2.05673232275476
696,2.09773677045613
697,2.12451297383597
698,2.1426067835356
699,2.14727416035365
700,2.13897989047203
701,2.12107768680033
702,2.0910255592137
703,2.05688833211628
704,2.01694466808392
705,1.9748519911598
706,1.93445446084076
707,1.8986658263728
708,1.86749729178352
709,1.84264151360602
710,1.82602161944258
711,1.81961704921845
712,1.81443981577553
713,1.81497243849937
714,1.81710184010837
715,1.82063532945171
716,1.81978028006565
717,1.81727862821005
718,1.80429830535639
719,1.78619437886203
720,1.76188926035362
721,1.7312224544472
722,1.69351192142579
723,1.65058973747667
724,1.61088594850783
725,1.5702904428733
726,1.53610432678791
727,1.50834930564609
728,1.48930352964968
729,1.47844531099047
730,1.48045796094022
731,1.49474683532985
732,1.51326036123285
733,1.54203820270977
734,1.57568178487306
735,1.61265151735199
736,1.64336147970387
737,1.67509602471321
738,1.70064102768157
739,1.71746474155536
740,1.72829999614516
741,1.7313657939343
742,1.72708113560612
743,1.71690805272857
744,1.70128575091699
745,1.68704784533419
746,1.66840787995497
747,1.64822558849479
748,1.63301235547675
749,1.61806134019392
750,1.60522251820335
751,1.59421147242148
752,1.5855584605629
753,1.57589584174155
754,1.56713011112715
755,1.5573967174383
756,1.54403573643154
757,1.53002966276649
758,1.5136270688394
759,1.49619637274773
760,1.4785995390641
761,1.4609115321307
762,1.44669603004046
763,1.43594086512799
764,1.42862102541647
765,1.42661592975861
766,1.43112329813752
767,1.44198772257623
768,1.45630337803927
769,1.47526414060797
770,1.49543575223476
771,1.52019069143067
772,1.54251327491568
773,1.56090770048023
774,1.57726023346926
775,1.58903599128532
776,1.60060012004494
777,1.60699281291728
778,1.60954542596108
779,1.61275946429879
780,1.61690136255952
781,1.62224433551665
782,1.63013183491338
783,1.64378435933283
784,1.66003914458654
785,1.68067249352985
786,1.70399063583133
787,1.72707966861172
788,1.75172206475923
789,1.77299505232062
790,1.79216512421695
791,1.80348642264935
792,1.80826769527444
793,1.80596179322638
794,1.79004346020164
795,1.7714742500729
796,1.74443303429287
797,1.71261234997825
798,1.6776689766559
799,1.63721003017156
800,1.60218242860144
801,1.56819613917999
802,1.53735288778313
803,1.51277802059644
804,1.49482926821032
805,1.48382339042827
806,1.47744745459908
807,1.47731195441715
808,1.48037859228719
809,1.48637074225616
810,1.49368607172955
811,1.50133582374761
812,1.50601804243672
813,1.51155270809377
814,1.51462099314074
815,1.51537888197925
816,1.51661476086949
817,1.51851761646852
818,1.52308577424068
819,1.52887959000809
820,1.53989318118403
821,1.5507924422666
822,1.57046486271194
823,1.59136570235489
824,1.6156990221025
825,1.64283141214828
826,1.66737385524249
827,1.69191017492946
828,1.71355356263353
829,1.73003435464537
830,1.73907292431281
831,1.7455162596108
832,1.74340879510243
833,1.73479574823125
834,1.72416589821361
835,1.70994587938497
836,1.69416853595121
837,1.6797469366719
838,1.66613744764201
839,1.65878099350645
840,1.65526844182659
841,1.65987781262125
842,1.67282675890865
843,1.68664301106915
844,1.70965105216976
845,1.73691052983531
846,1.75875525955047
847,1.78554510689348
848,1.80862938346373
849,1.82410137454095
850,1.83685305392409
851,1.84066957278998
852,1.8439099975628
853,1.83756886718481
854,1.82785882722031
855,1.81959010983021
856,1.8099249844493
857,1.80444997630492
858,1.80575544768013
859,1.81256130727151
860,1.82947114040818
861,1.85447185872104
862,1.88585921979038
863,1.92587627318638
864,1.96685527793561
865,2.01126059279439
866,2.05281904884103
867,2.08773201995347
868,2.1109637080699
869,2.1286054276368
870,2.133525523326
871,2.12231801110484
872,2.09785395624494
873,2.06526318779067
874,2.02061113756581
875,1.97449774358162
876,1.92172421944734
877,1.8728771990722
878,1.82447079596
879,1.78285012326694
880,1.75075917962199
881,1.72689029437039
882,1.71542900273722
883,1.70971310163675
884,1.70925718566542
885,1.71604235519612
886,1.72434385375994
887,1.73556566933023
888,1.74031510483594
889,1.74198777676398
890,1.73452517655105
891,1.72229286700284
892,1.705361148787
893,1.6824734079061
894,1.65467093591402
895,1.62646800821719
896,1.60134653650312
897,1.57690236502631
898,1.55931302542851
899,1.5491527122356
900,1.54711468794672
901,1.55339973378049
902,1.56680975475022
903,1.58786504710125
904,1.61346277342416
905,1.64107530195025
906,1.67102252744652
907,1.69983113151311
908,1.72452963782607
909,1.74653125875282
910,1.76329454049678
911,1.77644980812805
912,1.78377094174363
913,1.78508463617071
914,1.78447076793073
915,1.78128753830468
916,1.77165243872889
917,1.76345560197522
918,1.7499767832014
919,1.73589338755888
920,1.72043667724368
921,1.70533570709935
922,1.68935264425015
923,1.67074378360379
924,1.65049022008498
925,1.63167821795127
926,1.6161494455134
927,1.59979325821823
928,1.58886374246888
929,1.58176613112149
930,1.58110840800113
931,1.58741702857465
932,1.6059521341645
933,1.63048539891295
934,1.66252052560055
935,1.70297001768338
936,1.75543444329077
937,1.80260735511427
938,1.85629024414504
939,1.90366093435425
940,1.95456907059235
941,1.99946743142024
942,2.03216169088631
943,2.05821205513852
944,2.0770749868834
945,2.08480368488657
946,2.08555069352522
947,2.08223149313671
948,2.07966702929089
949,2.07099567349823
950,2.07235442271069
951,2.0738153016361
952,2.08950736900264
953,2.10898607135636
954,2.13554515217263
955,2.16899347552142
956,2.21643992217506
957,2.26117121549604
958,2.30765663131569
959,2.35174879643736
960,2.38824427973049
961,2.41648094515262
962,2.42878358024899
963,2.42896741843887
964,2.41146215026903
965,2.38401154352266
966,2.3379355275363
967,2.2815822434883
968,2.22022506185849
969,2.15328948155802
970,2.08553879437924
971,2.02007845027071
972,1.96864741269603
973,1.93162314550559
974,1.90669285275164
975,1.90424004894138
976,1.91000498257995
977,1.93879321524251
978,1.97610038463311
979,2.02093495859179
980,2.07322717071638
981,2.12334472700306
982,2.1707873143591
983,2.20990643865023
984,2.23134647000268
985,2.24358566843378
986,2.24106249049395
987,2.22385279613484
988,2.19514110914261
989,2.15942552842331
990,2.1129120137844
991,2.07204544154942
992,2.0308480651712
993,1.99228718520662
994,1.96554068390699
995,1.94798414985412
996,1.94046778465242
997,1.94208587885076
998,1.95299621419198
999,1.96221035843806
1000,1.98044811700401
1001,1.99460840440549
1002,2.00105545854883
1003,2.00255108119489
1004,1.99792620427946
1005,1.98152914452086
1006,1.9507617432558
1007,1.91012824352988
1008,1.86404544046795
1009,1.81269902859188
1010,1.75377149773301
1011,1.69652169566052
1012,1.63902259532405
1013,1.59105526019735
1014,1.55073452946199
1015,1.51964722697607
1016,1.49327701000643
1017,1.48223577649568
1018,1.48289756013042
1019,1.4852032055798
1020,1.50808474362916
1021,1.5286510248487
1022,1.5571374169092
1023,1.59480832868819
1024,1.63400119017488
1025,1.67232582577743
1026,1.71696359144792
1027,1.76287008645601
1028,1.80492734805962
1029,1.84451448596568
1030,1.88432472128321
1031,1.91964744106947
1032,1.95224589017929
1033,1.97665650125316
1034,1.99478922372309
1035,2.00992385661687
1036,2.01644005136715
1037,2.01444197661866
1038,2.00415430911692
1039,1.98612600026564
1040,1.96803819047737
1041,1.94364860239454
1042,1.9211044451478
1043,1.89848203227608
1044,1.8774484600115
1045,1.86910932443527
1046,1.8635568629447
1047,1.86845931372333
1048,1.88001923666359
1049,1.90209668130923
1050,1.93085211871591
1051,1.96535690846697
1052,2.00573006108257
1053,2.04343458103214
1054,2.08029353246554
1055,2.10493211999517
1056,2.12498362040734
1057,2.13613684752044
1058,2.13607733020278
1059,2.12681279649789
1060,2.11007360523285
1061,2.0843110904561
1062,2.05793031479019
1063,2.03560909256983
1064,2.01525508450872
1065,2.00451785768589
1066,2.00872202502599
1067,2.01702866538933
1068,2.04891250657159
1069,2.09018931795204
1070,2.13864513560172
1071,2.20097445925621
1072,2.26599828212448
1073,2.33362157707202
1074,2.39324293163142
1075,2.44508179308544
1076,2.4806169205269
1077,2.5081017311659
1078,2.50928961788371
1079,2.49980678682445
1080,2.46515439012737
1081,2.41441881173811
1082,2.35106850062327
1083,2.27995322775964
1084,2.19931697572544
1085,2.12685220543673
1086,2.05219825687075
1087,1.98411543303769
1088,1.92775788673111
1089,1.88270192928771
1090,1.84947792832263
1091,1.83180576174425
1092,1.82493527395622
1093,1.82751660572868
1094,1.83659278836475
1095,1.84953367583051
1096,1.86156134670811
1097,1.87002040592434
1098,1.87623013198499
1099,1.87102749796861
1100,1.86058822861908
1101,1.83855277313388
1102,1.81382147487877
1103,1.78383552885226
1104,1.75124610377053
1105,1.72137759880177
1106,1.69842463253605
1107,1.68239645158551
1108,1.67742689831895
1109,1.67849051268472
1110,1.69408185857862
1111,1.71611789983882
1112,1.74461252686767
1113,1.77736075894109
1114,1.81189956752595
1115,1.84384521151967
1116,1.86696276275427
1117,1.88300988660714
1118,1.8890383796062
1119,1.88699710301889
1120,1.87351577891939
1121,1.84820356901562
1122,1.81095777098412
1123,1.76995076669549
1124,1.7265570911798
1125,1.67550516424007
1126,1.63065014594276
1127,1.58240168267269
1128,1.53958382379673
1129,1.50019383639993
1130,1.46776716205399
1131,1.43865983960679
1132,1.41704617216495
1133,1.40031522118486
1134,1.39154979939168
1135,1.38840309516431
1136,1.39113171331423
1137,1.39478824519425
1138,1.40363861974699
1139,1.41183572397873
1140,1.42648935499112
1141,1.44504567242386
1142,1.46815348955268
1143,1.49404317912992
1144,1.53069924501925
1145,1.57548061661605
1146,1.61278283591474
1147,1.66439604660212
1148,1.7163034545412
1149,1.76372908642744
1150,1.81013905978439
1151,1.85128917310782
1152,1.88366729671651
1153,1.90896531221946
1154,1.92677777785049
1155,1.93491395528723
1156,1.93502453048642
1157,1.93383127409366
1158,1.92647129071428
1159,1.91911029735859
1160,1.91515358385197
1161,1.9112642876964
1162,1.91475381116941
1163,1.92115146448345
1164,1.93688731130233
1165,1.95233519805906
1166,1.97443021388949
1167,1.99321812561897
1168,2.01280518681272
1169,2.02780688728962
1170,2.03522862962311
1171,2.03663339684601
1172,2.02166519637399
1173,1.99545887365123
1174,1.96666675430448
1175,1.92736625459408
1176,1.87742443807565
1177,1.82520929297527
1178,1.77255967063551
1179,1.72220082985996
1180,1.67983980846957
1181,1.64297124263532
1182,1.62074343092854
1183,1.61393168605035
1184,1.62081918935583
1185,1.63780275810558
1186,1.6662027121052
1187,1.70412470089355
1188,1.74610671085396
1189,1.79102526149502
1190,1.83722935995697
1191,1.87453476958906
1192,1.90852448200092
1193,1.92886678635308
1194,1.93722822015673
1195,1.94182709302795
1196,1.93454642795561
1197,1.91751570261891
1198,1.89537330321851
1199,1.8692801240616
1200,1.84247049420259
1201,1.81824947811929
1202,1.79637591338305
1203,1.77749297445524
1204,1.76032664099019
1205,1.74850832005026
1206,1.73511323781127
1207,1.72951984100233
1208,1.72044158438174
1209,1.70957486785824
1210,1.69505057963344
1211,1.674012569602
1212,1.65717140613066
1213,1.62642791507622
1214,1.59485478329628
1215,1.56260456538363
1216,1.52564168987745
1217,1.49905211935925
1218,1.47170457955709
1219,1.44974625477091
1220,1.4416843306648
1221,1.43773489060159
1222,1.45366940321881
1223,1.47755320595991
1224,1.50723686939563
1225,1.54824039223582
1226,1.59855497956693
1227,1.6479134831299
1228,1.69967921098107
1229,1.74552826282812
1230,1.78856460349361
1231,1.82481312929505
1232,1.85426708040707
1233,1.8745025198176
1234,1.89068471216294
1235,1.89738779616516
1236,1.90400386899439
1237,1.90692780321696
1238,1.91203828984373
1239,1.91690400655026
1240,1.92580974574566
1241,1.93919986844947
1242,1.953506055766
1243,1.97059756439541
1244,1.9877494481831
1245,2.00131879479102
1246,2.01288076069337
1247,2.0144371064369
1248,2.01211521609151
1249,2.00296122996727
1250,1.97735566501488
1251,1.94250775598007
1252,1.90135836464529
1253,1.85460334913554
1254,1.79921984401677
1255,1.74702623947887
1256,1.70083315071131
1257,1.65820083002091
1258,1.62484986026691
1259,1.60280094602666
1260,1.59398277316024
1261,1.59913207681344
1262,1.61582109902612
1263,1.64082178952064
1264,1.67942203020849
1265,1.71739600430772
1266,1.75724892749842
1267,1.79590192836666
1268,1.82556029582889
1269,1.85175742835798
1270,1.86735473445275
1271,1.87574003597777
1272,1.87379533073305
1273,1.86754829355703
1274,1.85952004437921
1275,1.84659915134988
1276,1.83886806308396
1277,1.83316055986466
1278,1.8325515024358
1279,1.83325461838312
1280,1.84110846676573
1281,1.85402276093156
1282,1.87048821856263
1283,1.88622417113743
1284,1.90395647594882
1285,1.91157747873326
1286,1.91619823247906
1287,1.90885326183961
1288,1.89419526223743
1289,1.8694797182915
1290,1.83240211919276
1291,1.78502606381761
1292,1.72854840481268
1293,1.67020794397133
1294,1.60260985654737
1295,1.53649592177071
1296,1.47451244812099
1297,1.41638615250132
1298,1.36330949735559
1299,1.32272689909316
1300,1.28769488761246
1301,1.2648676283788
1302,1.25083387366225
1303,1.24665127041517
1304,1.24695597404984
1305,1.26043266499992
1306,1.27181219754677
1307,1.29682846503743
1308,1.32447625708781
1309,1.35154804321842
1310,1.39235550401716
1311,1.42991886817459
1312,1.47772874508536
1313,1.52388013876553
1314,1.57806597853945
1315,1.62985003498577
1316,1.68358208248545
1317,1.74197800143991
1318,1.7937172289596
1319,1.84455859888281
1320,1.8911422809078
1321,1.92927575262849
1322,1.95987534357797
1323,1.98119226440675
1324,1.99419259593214
1325,1.99839059674209
1326,1.99100071915693
1327,1.97795013219785
1328,1.9590934706775
1329,1.9361492102556
1330,1.91162226985471
1331,1.88750457380585
1332,1.87283998923344
1333,1.85997197797209
1334,1.85577210215536
1335,1.85721382525926
1336,1.87025271974586
1337,1.88921535395853
1338,1.91303593802967
1339,1.94420171474206
1340,1.9739597875868
1341,2.00247172179196
1342,2.02491599373123
1343,2.03897925330633
1344,2.04803933591423
1345,2.05371602635442
1346,2.03909739701512
1347,2.02593881703201
1348,2.00621582020141
1349,1.98517899471913
1350,1.96464170367605
1351,1.95488151363128
1352,1.94767352607101
1353,1.95950711354066
1354,1.98153517895962
1355,2.0185194739662
1356,2.05906106948908
1357,2.11165850060833
1358,2.17463736641539
1359,2.23943739784047
1360,2.2965590882612
1361,2.35038004494844
1362,2.38854522176065
1363,2.41586882941918
1364,2.42602494485244
1365,2.41616853715692
1366,2.38743656157605
1367,2.34255223613328
1368,2.28915065168199
1369,2.22760694786834
1370,2.15026729547166
1371,2.08335179624597
1372,2.01785253102492
1373,1.95964040023198
1374,1.91313894480041
1375,1.87836071269365
1376,1.85713288765278
1377,1.84867861430085
1378,1.85076766152188
1379,1.86179180467262
1380,1.87499179414612
1381,1.89059032017772
1382,1.90248456775751
1383,1.91182459930904
1384,1.91067990062332
1385,1.90222896482554
1386,1.88256475447851
1387,1.85786582828468
1388,1.82495297109274
1389,1.7905542860433
1390,1.75773579250121
1391,1.72312569342755
1392,1.6962807394426
1393,1.67840083823948
1394,1.67064224019489
1395,1.67109958619338
1396,1.68064560928651
1397,1.70210764697615
1398,1.72919797071919
1399,1.76073037547635
1400,1.78833099846966
1401,1.81506962915241
1402,1.83711509408105
1403,1.85244404900055
1404,1.85898745001131
1405,1.85690255886714
1406,1.84501339924093
1407,1.8207861728948
1408,1.79649193853179
1409,1.76217073875009
1410,1.72125301474047
1411,1.68292552239823
1412,1.64401213923631
1413,1.59896939839099
1414,1.56096203005113
1415,1.52798384480599
1416,1.49685784261675
1417,1.4687826160021
1418,1.44329102410923
1419,1.42606106279148
1420,1.41119355530177
1421,1.40298515837082
1422,1.40205907998803
1423,1.40224342495816
1424,1.41856675195563
1425,1.43183464926794
1426,1.46180638215589
1427,1.49551098741376
1428,1.53966467484924
1429,1.59379214618615
1430,1.64925184039123
1431,1.71307692727615
1432,1.77967762193607
1433,1.84017017917823
1434,1.90637835329293
1435,1.96193847638808
1436,2.01334781193382
1437,2.05623360830401
1438,2.08764067135316
1439,2.10840400346382
1440,2.12237307635659
1441,2.12519970882915
1442,2.12445947406888
1443,2.11582085004073
1444,2.1080380363233
1445,2.098365582865
1446,2.09304137865136
1447,2.09865928619254
1448,2.10134207493051
1449,2.11303205511777
1450,2.13119206899461
1451,2.1542824647523
1452,2.17503913559382
1453,2.19689476500923
1454,2.22013760238143
1455,2.23735060982965
1456,2.24228491578402
1457,2.23922229654776
1458,2.21999379111964
1459,2.19697403351015
1460,2.15864962056268
1461,2.10688451251276
1462,2.04613394579764
1463,1.98944459579864
1464,1.93293357007277
1465,1.87654924936955
1466,1.8317668207327
1467,1.80105542330767
1468,1.78390874357833
1469,1.78283964775526
1470,1.80031937364398
1471,1.83313753196156
1472,1.88104393513861
1473,1.93997155009816
1474,2.00039685496148
1475,2.06801461040165
1476,2.12628203825884
1477,2.17577331255788
1478,2.21570821844276
1479,2.23832094554328
1480,2.24577837427837
1481,2.2403324188918
1482,2.22343232864856
1483,2.18882633941721
1484,2.15465821837182
1485,2.11429336671073
1486,2.07748005321396
1487,2.04192709630534
1488,2.01081720097109
1489,1.99233540150731
1490,1.97495239170669
1491,1.97020046855178
1492,1.97037092981304
1493,1.97135665405567
1494,1.97978020729664
1495,1.97642969255335
1496,1.97877754092916
1497,1.96099920878644
1498,1.93827177419327
1499,1.90794993354258
1500,1.8635391912171
1501,1.81268537831725
1502,1.75663851661348
1503,1.69046292854997
1504,1.62511377320836
1505,1.5636614765096
1506,1.50515901558523
1507,1.45572575384824
1508,1.41714552959452
1509,1.38984915363278
1510,1.37714150427009
1511,1.37584576008649
1512,1.38425140383911
1513,1.40011312568769
1514,1.42398548929053
1515,1.45279970506263
1516,1.47833980760831
1517,1.50534262903682
1518,1.52898271014152
1519,1.54905732590805
1520,1.56452392748698
1521,1.579149595062
1522,1.58669065604785
1523,1.59544585106828
1524,1.60177894462977
1525,1.60913645414627
1526,1.61675720929617
1527,1.62418665594616
1528,1.63329087078107
1529,1.64058427480815
1530,1.6488293880588
1531,1.654729023489
1532,1.65657265569744
1533,1.65642430829608
1534,1.64844027539974
1535,1.63915969636369
1536,1.62606911978076
1537,1.60874116359304
1538,1.59204159938779
1539,1.57216213269067
1540,1.55761892606454
1541,1.54797952316845
1542,1.53977971502619
1543,1.53906894271426
1544,1.55091559116882
1545,1.56183267223191
1546,1.58553683997002
1547,1.60966206221604
1548,1.64055627143388
1549,1.67084767159154
1550,1.7035237216549
1551,1.72914591368513
1552,1.7536219981943
1553,1.77218318040707
1554,1.78580792409878
1555,1.7922607500597
1556,1.79458313930902
1557,1.79239945377334
1558,1.78965244307092
1559,1.78680440514436
1560,1.78405742094272
1561,1.78680922504893
1562,1.79472787784726
1563,1.80783919630689
1564,1.82674503141683
1565,1.85014318678379
1566,1.87988351587461
1567,1.90872421205333
1568,1.93643629573916
1569,1.96353576741869
1570,1.981922780728
1571,1.99538248577114
1572,1.99473186605724
1573,1.98630445708458
1574,1.96458255922938
1575,1.9349420893398
1576,1.89968394858389
1577,1.85253634649156
1578,1.80077356452511
1579,1.7504850920782
1580,1.70202436673838
1581,1.65952499429091
1582,1.62134231104763
1583,1.5932786355582
1584,1.5777795545575
1585,1.56942677691084
1586,1.57214633291289
1587,1.58152180396961
1588,1.59696573547519
1589,1.6195523632331
1590,1.64133727639895
1591,1.66061563518337
1592,1.67895180245052
1593,1.6908928054562
1594,1.69954104869552
1595,1.70407725670681
1596,1.70701359666533
1597,1.70799703478096
1598,1.70814611005716
1599,1.71063250167006
1600,1.72139764198832
1601,1.73341728392813
1602,1.75488436708545
1603,1.78200717824732
1604,1.81462246674663
1605,1.85376772592253
1606,1.8910903127962
1607,1.92781409230522
1608,1.95968411816101
1609,1.99029089730477
1610,2.00560208304748
1611,2.01161149458357
1612,2.00547903774988
1613,1.98880428210092
1614,1.9585713179576
1615,1.9195249479935
1616,1.87856963299491
1617,1.83094400944043
1618,1.78262695321743
1619,1.73961453108647
1620,1.70109678680477
1621,1.67031994895833
1622,1.64731663910876
1623,1.63457603721061
1624,1.62950970894201
1625,1.63297470193073
1626,1.64214925760995
1627,1.65279384056344
1628,1.66375225633907
1629,1.67567902221466
1630,1.68271262355142
1631,1.68493898835956
1632,1.67915964120439
1633,1.67416374746769
1634,1.66356254298225
1635,1.6532578005944
1636,1.64243614210329
1637,1.63628382719601
1638,1.63404975345347
1639,1.64466113323006
1640,1.6567876037625
1641,1.68154499438707
1642,1.71412184134
1643,1.75448747962954
1644,1.79207355680495
1645,1.83812737260058
1646,1.87259622029461
1647,1.91075314832
1648,1.93524620644631
1649,1.95263962983999
1650,1.95774010693856
1651,1.9542802403206
1652,1.93725679631683
1653,1.91103825211462
1654,1.87756256396578
1655,1.84206869763069
1656,1.7994369570584
1657,1.75835490134853
1658,1.7207862334291
1659,1.68537412197253
1660,1.65438325983184
1661,1.62982295524651
1662,1.61042402798964
1663,1.59827652668826
1664,1.5886431558247
1665,1.57952119524196
1666,1.57112761686976
1667,1.56100184242223
1668,1.55133738405935
1669,1.53815316859437
1670,1.52116184574291
1671,1.50037128479471
1672,1.47708532861274
1673,1.45022679430425
1674,1.42629648805598
1675,1.4044187776716
1676,1.38399528478391
1677,1.36788910723558
1678,1.35675814261907
1679,1.35350627052309
1680,1.35421208815998
1681,1.36343655619225
1682,1.37562912791549
1683,1.39410334241713
1684,1.41531070290891
1685,1.43848713816088
1686,1.46436767043043
1687,1.48867057400336
1688,1.51389282031034
1689,1.53995466205318
1690,1.56564511503864
1691,1.59139216374082
1692,1.61700661258581
1693,1.64024955136908
1694,1.66337062873325
1695,1.68265878437885
1696,1.70502488945552
1697,1.72261704145551
1698,1.73926848674942
1699,1.75409485892695
1700,1.76632227918583
1701,1.77645192289172
1702,1.78214985821207
1703,1.78295384546356
1704,1.778030720765
1705,1.77177757434114
1706,1.76127584047871
1707,1.74522910395551
1708,1.73086716195172
1709,1.71577282194343
1710,1.70623710356591
1711,1.69982207183796
1712,1.70358902118136
1713,1.71035786232275
1714,1.73136294934112
1715,1.76303828645598
1716,1.8055808497686
1717,1.85543712938617
1718,1.90773508568292
1719,1.96483963971528
1720,2.01650737664591
1721,2.07145778259026
1722,2.11699618782782
1723,2.15550935787849
1724,2.17997122259497
1725,2.19099797225799
1726,2.19107389097006
1727,2.18161183486033
1728,2.16193908662444
1729,2.13782893704425
1730,2.11059619790095
1731,2.08501879752876
1732,2.06365945946719
1733,2.04738879309536
1734,2.04479282386816
1735,2.04994955219166
1736,2.07069241262148
1737,2.08847557976829
1738,2.12062338768532
1739,2.15306135696464
1740,2.18317384536961
1741,2.21427494632918
1742,2.23729876961133
1743,2.24286495847439
1744,2.23973018622195
1745,2.22333992792951
1746,2.19383861575812
1747,2.14648777463309
1748,2.08920877209619
1749,2.02884773582608
1750,1.96723772495659
1751,1.90475728102145
1752,1.85501899239379
1753,1.81200566355364
1754,1.78499483692127
1755,1.76704478815409
1756,1.77274000269077
1757,1.79038761761208
1758,1.82008711076264
1759,1.85844877749879
1760,1.90098316646092
1761,1.94943324327806
1762,1.9906079603761
1763,2.02704786861082
1764,2.0539671712033
1765,2.07190051977881
1766,2.0714355284011
1767,2.06406918300753
1768,2.0462773010034
1769,2.02114522224658
1770,1.98607545413866
1771,1.94767870823382
1772,1.90971078180715
1773,1.87374153196026
1774,1.84128142419315
1775,1.81077028288132
1776,1.79182278355847
1777,1.77456331058811
1778,1.76175572330071
1779,1.75521824659453
1780,1.75170833917378
1781,1.74782282196611
1782,1.74541795090998
1783,1.74058033694939
1784,1.73678934550851
1785,1.72574989485713
1786,1.7151353237644
1787,1.69827848309879
1788,1.67904514001114
1789,1.66057667072529
1790,1.63661034166494
1791,1.6153149894003
1792,1.59270748526433
1793,1.57314682454354
1794,1.55418190966896
1795,1.54096490747805
1796,1.52901932900242
1797,1.52583531884494
1798,1.51971298287136
1799,1.52852442806942
1800,1.53734157165105
1801,1.55056104178286
1802,1.5737644907145
1803,1.59346022646072
1804,1.63853587214797
1805,1.67946998009476
1806,1.7257738206229
1807,1.78263544889313
1808,1.84220601150914
1809,1.90006354880313
1810,1.96008556250757
1811,2.01934843061784
1812,2.07223870199207
1813,2.12213351015711
1814,2.16069099941034
1815,2.1926675620329
1816,2.21109017875198
1817,2.21928860856817
1818,2.21754698851767
1819,2.2036191130996
1820,2.18267118056675
1821,2.15249815575169
1822,2.12113217335161
1823,2.08548211675872
1824,2.05658989207817
1825,2.02815400584876
1826,2.00486390546659
1827,1.99399830287746
1828,1.99139949138083
1829,1.99961776426252
1830,2.01595717789638
1831,2.03842173517681
1832,2.07157848803926
1833,2.1029716629184
1834,2.13427629513423
1835,2.16124790490955
1836,2.18306088885029
1837,2.18985756615326
1838,2.18910529173455
1839,2.17401393954434
1840,2.15401129015028
1841,2.12102943219139
1842,2.08155932471414
1843,2.03935373024297
1844,1.99568429625509
1845,1.96258481694202
1846,1.93534755937038
1847,1.92408993574487
1848,1.92337273827755
1849,1.93987437919879
1850,1.97134766246515
1851,2.01508534414877
1852,2.07493895400798
1853,2.1326610140117
1854,2.18919209540703
1855,2.25126914858068
1856,2.2952366628043
1857,2.33426087696621
1858,2.35435018650712
1859,2.35409886280779
1860,2.33711616729242
1861,2.30584534755255
1862,2.2631191215319
1863,2.20235365863526
1864,2.13812314368534
1865,2.06633615136416
1866,1.9998928405051
1867,1.93470840308836
1868,1.88157960760736
1869,1.83853558001526
1870,1.80350316680099
1871,1.78208434709683
1872,1.76906196549518
1873,1.76586706581834
1874,1.7704804396853
1875,1.77648548822092
1876,1.78547123001191
1877,1.78733824605624
1878,1.79019045267703
1879,1.78486506288035
1880,1.77329609995184
1881,1.75394581663852
1882,1.72930089883482
1883,1.70106592348119
1884,1.66943053961395
1885,1.63646480769455
1886,1.60703063875819
1887,1.58135269391816
1888,1.55967558435589
1889,1.54552091823654
1890,1.53773715036991
1891,1.53591669189877
1892,1.54021745324861
1893,1.54883652389463
1894,1.56319385088604
1895,1.5795507644177
1896,1.59840567651729
1897,1.61609793182308
1898,1.63403630248408
1899,1.65226376986068
1900,1.66955079568425
1901,1.68321441702819
1902,1.69674059590004
1903,1.70864816229457
1904,1.71812140977183
1905,1.72663777233599
1906,1.73225390405041
1907,1.73360599829353
1908,1.73568234645191
1909,1.73100246399649
1910,1.72414375874287
1911,1.7144685507723
1912,1.7016733933574
1913,1.68623057867936
1914,1.66671914468053
1915,1.64884228043924
1916,1.63499931147833
1917,1.6191284894008
1918,1.61625350979786
1919,1.60950342950682
1920,1.61613192544933
1921,1.63045446383068
1922,1.65045003482012
1923,1.68099710030259
1924,1.71442035601647
1925,1.75988045597779
1926,1.80505165471215
1927,1.84733869001136
1928,1.89081174286803
1929,1.92953416867751
1930,1.96276976468819
1931,1.9890383837973
1932,2.00574870259334
1933,2.01197287952458
1934,2.01062835708612
1935,2.00158858358376
1936,1.98951834173028
1937,1.97129647648348
1938,1.95305925640689
1939,1.93536950515803
1940,1.92010096477057
1941,1.91144302791779
1942,1.90811797538932
1943,1.91062713370543
1944,1.9175678570455
1945,1.92732544327238
1946,1.94377051804789
1947,1.9613090892907
1948,1.97293223979377
1949,1.98025099780101
1950,1.97698466874409
1951,1.97211894789876
1952,1.95505913700641
1953,1.92885386890976
1954,1.89344482007683
1955,1.84471334659389
1956,1.7968810311332
1957,1.73948612695869
1958,1.68699617518652
1959,1.63502026204024
1960,1.59038728450565
1961,1.5526437479465
1962,1.52910836022512
1963,1.5164702507463
1964,1.51681943363384
1965,1.5300603695185
1966,1.55373742828482
1967,1.58799810168506
1968,1.62698152830291
1969,1.66866089113814
1970,1.70969065166096
1971,1.7430905593809
1972,1.77523634536178
1973,1.7967372555955
1974,1.80971527957013
1975,1.81347765846254
1976,1.81150240774412
1977,1.80091411124928
1978,1.78746016595929
1979,1.76984846579634
1980,1.75245767989385
1981,1.73726103001401
1982,1.72167447591214
1983,1.71071001095593
1984,1.70201137714028
1985,1.69257519181348
1986,1.68710284560336
1987,1.68032414140839
1988,1.67334950798231
1989,1.66352289020303
1990,1.64912001634509
1991,1.6292206553112
1992,1.60775547135195
1993,1.5801447234343
1994,1.55016036391605
1995,1.52131615635927
1996,1.48809326694436
1997,1.45634427503908
1998,1.43219568207097
1999,1.41150847536007
2000,1.39906303378388
2001,1.39253855881932
2002,1.39392411545284
2003,1.40326130812562
2004,1.41333358586418
2005,1.43208837658561
2006,1.45318775626043
2007,1.47380275894445
2008,1.4947031657308
2009,1.51348050795147
2010,1.53176909470759
2011,1.54688646401027
2012,1.55907168757236
2013,1.56926846064168
2014,1.5823898108495
2015,1.59528210911224
2016,1.6130418137894
2017,1.63283281011734
2018,1.65632794191437
2019,1.68276457608267
2020,1.71816183469455
2021,1.75198547278559
2022,1.78680960482922
2023,1.82155698823615
2024,1.85043085387226
2025,1.87403045480925
2026,1.89206394708623
2027,1.89855276584945
2028,1.90012521576696
2029,1.88777112722122
2030,1.86587833385489
2031,1.83331747764596
2032,1.7990519456951
2033,1.75582989277179
2034,1.71360285568406
2035,1.66919689857124
2036,1.62474617333144
2037,1.58615014326562
2038,1.55360659210697
2039,1.5267257530938
2040,1.50608817152868
2041,1.49196843583795
2042,1.4829754299667
2043,1.47951228968414
2044,1.47825775028494
2045,1.48017772308924
2046,1.48205579583836
2047,1.483985544181
2048,1.48392708100496
2049,1.48297168644894
2050,1.48005527122793
2051,1.47732531154153
2052,1.47219717267884
2053,1.46814290158544
2054,1.46510703937032
2055,1.4641735350763
2056,1.46626496169182
2057,1.47166736070449
2058,1.48226128457365
2059,1.49244182294278
2060,1.50700250338288
2061,1.52063165955521
2062,1.53715780156836
2063,1.5509328103749
2064,1.56250915648046
2065,1.57314458432025
2066,1.57771565506582
2067,1.58026851772951
2068,1.57559960506672
2069,1.56916540111909
2070,1.55893683075296
2071,1.54682742774976
2072,1.532445718336
2073,1.51977099947942
2074,1.5092996397994
2075,1.50236039634655
2076,1.49346905092544
2077,1.49308856374383
2078,1.49097217720548
2079,1.49088395625421
2080,1.49222957246874
2081,1.49530745280924
2082,1.50206189790801
2083,1.50527422746688
2084,1.51144048305666
2085,1.52128619192351
2086,1.52775424638016
2087,1.54107805619556
2088,1.5578651193268
2089,1.57518688858427
2090,1.59623136528713
2091,1.62884567337738
2092,1.66492800342489
2093,1.7060626799779
2094,1.75518192772863
2095,1.80552077204652
2096,1.86224931618224
2097,1.91548073438129
2098,1.97204284853428
2099,2.01990407582493
2100,2.06480518829269
2101,2.09916728273242
2102,2.1195865996802
2103,2.12987293529627
2104,2.13050134026457
2105,2.11705230277233
2106,2.09718910344145
2107,2.06739845855535
2108,2.03432184896833
2109,1.99800800606493
2110,1.96239334248596
2111,1.93355707665924
2112,1.90668118110761
2113,1.89016501956496
2114,1.88411179834669
2115,1.88871315475561
2116,1.89770878419862
2117,1.91322671589609
2118,1.9342070405966
2119,1.95443281745347
2120,1.97226864547792
2121,1.98688329786391
2122,1.99034344779471
2123,1.98835701666771
2124,1.97540893142385
2125,1.9467050874381
2126,1.91863884646992
2127,1.88353613465185
2128,1.8463320090538
2129,1.8076669590882
2130,1.77686704429485
2131,1.74761114486488
2132,1.73707571897664
2133,1.73496960149211
2134,1.74779576968846
2135,1.77529654224104
2136,1.81797923065089
2137,1.86575385491709
2138,1.92147126803057
2139,1.98055264804242
2140,2.0346292707895
2141,2.08801352614977
2142,2.12772444884699
2143,2.16325065038472
2144,2.17698543242179
2145,2.17985144837927
2146,2.16853400099533
2147,2.14883935417412
2148,2.10814143050774
2149,2.0647089345225
2150,2.01514917299922
2151,1.96116062330796
2152,1.90403110451559
2153,1.8473743162201
2154,1.79387454399237
2155,1.74395120206368
2156,1.7006696010555
2157,1.66255371720451
2158,1.62795693336714
2159,1.60385108273937
2160,1.58166722610374
2161,1.56597240145924
2162,1.55167408606807
2163,1.544269271309
2164,1.53713055505307
2165,1.53393998877429
2166,1.53177298487658
2167,1.5330313115234
2168,1.53376506990007
2169,1.53989840547535
2170,1.54550373885209
2171,1.55399149890855
2172,1.56351577828306
2173,1.58099409180715
2174,1.59739940930358
2175,1.61453210044263
2176,1.63985665445577
2177,1.66597321221631
2178,1.69349333151119
2179,1.7280716059114
2180,1.75891842339285
2181,1.79789044162659
2182,1.83634067563225
2183,1.87982961360119
2184,1.92179327813316
2185,1.96149256591556
2186,2.0002888594899
2187,2.04387318350217
2188,2.07568535212623
2189,2.10794034511319
2190,2.13043258531108
2191,2.14659160043201
2192,2.15584824901906
2193,2.15467888789282
2194,2.13991913296455
2195,2.11902885499953
2196,2.09248965959805
2197,2.05886274736836
2198,2.01478839040637
2199,1.96880256724814
2200,1.92005465053846
2201,1.87501570924956
2202,1.8357952315535
2203,1.80275595228896
2204,1.77565051463691
2205,1.7673838693105
2206,1.77035129316402
2207,1.78420421705173
2208,1.81282814066356
2209,1.85099754473484
2210,1.90078423393187
2211,1.95840363925692
2212,2.01303544291456
2213,2.06858730608807
2214,2.11636746717973
2215,2.16278984547562
2216,2.19377902976823
2217,2.21352048730543
2218,2.22156818343429
2219,2.21746528424792
2220,2.20715162820541
2221,2.1802815038531
2222,2.15631696774689
2223,2.13212909740699
2224,2.10775324132971
2225,2.08411726192002
2226,2.08022221010443
2227,2.07663159908908
2228,2.09113185033442
2229,2.11235339956593
2230,2.14456273786249
2231,2.17781793678521
2232,2.21510037770032
2233,2.2501961874504
2234,2.28525731485153
2235,2.30611625208409
2236,2.31461641793186
2237,2.31285078137571
2238,2.2885789213949
2239,2.25762420505586
2240,2.19640510124088
2241,2.14085785220034
2242,2.0689479135683
2243,1.99121258278086
2244,1.90968466482349
2245,1.84099912093757
2246,1.77902028519867
2247,1.72412090187253
2248,1.68556502347183
2249,1.66214555078544
2250,1.65809934311554
2251,1.66614264056777
2252,1.69289157004146
2253,1.72960439249069
2254,1.77428657325647
2255,1.82188814363118
2256,1.86903348322442
2257,1.91543547067434
2258,1.95347461792884
2259,1.9828427097637
2260,2.00328723606495
2261,2.01330979831647
2262,2.01436751006861
2263,2.00670789908176
2264,1.98967544183804
2265,1.96944905092655
2266,1.94413587859792
2267,1.9195026834263
2268,1.8893054554163
2269,1.86217115874425
2270,1.83610450436306
2271,1.80982907135824
2272,1.78898427661693
2273,1.76817289337365
2274,1.75152488858098
2275,1.73369271296431
2276,1.7181028115549
2277,1.69986777551021
2278,1.68563590310577
2279,1.67154419017539
2280,1.65617095209338
2281,1.64209453935083
2282,1.63149844436443
2283,1.61365545355769
2284,1.60470946306056
2285,1.59196323623767
2286,1.57955969911696
2287,1.5688773277445
2288,1.56418917224962
2289,1.56254597378307
2290,1.55850520500421
2291,1.55962193794378
2292,1.56558762266052
2293,1.57767273327455
2294,1.59735105578452
2295,1.62284754367333
2296,1.65779057042045
2297,1.69333826503997
2298,1.74461401049079
2299,1.79417353636455
2300,1.8484809236967
2301,1.90364798352884
2302,1.96627537110821
2303,2.02125559805985
2304,2.07361336926064
2305,2.11858764623652
2306,2.14932020097044
2307,2.17592165863554
2308,2.1895682167345
2309,2.19255931641956
2310,2.18151021586838
2311,2.15686967759578
2312,2.12290570296698
2313,2.07971877033535
2314,2.02835874291999
2315,1.97803620122719
2316,1.92371843429584
2317,1.8727810016151
2318,1.82423383486073
2319,1.78210263525315
2320,1.75095066045917
2321,1.72863456299971
2322,1.71639778600297
2323,1.71198494740306
2324,1.7171958859653
2325,1.72856670670264
2326,1.74459153303319
2327,1.76436444867951
2328,1.78642976648072
2329,1.80201905668785
2330,1.81146098713643
2331,1.81829181781032
2332,1.81654465826469
2333,1.81150326678882
2334,1.80103453862378
2335,1.78825828499924
2336,1.77289691054763
2337,1.75787989894244
2338,1.74732698240316
2339,1.7465390687176
2340,1.75502492497432
2341,1.77299121549883
2342,1.79595881031821
2343,1.82872254352958
2344,1.86983646870986
2345,1.91689628024384
2346,1.9706529727192
2347,2.01895164085318
2348,2.06122405074612
2349,2.10132208209565
2350,2.13112512039414
2351,2.1358863923498
2352,2.13331556038346
2353,2.12020264093368
2354,2.08820082251969
2355,2.04058110615801
2356,1.98591061323419
2357,1.92375156681315
2358,1.84865064617934
2359,1.78417024746189
2360,1.71600299888707
2361,1.64806153424784
2362,1.58497564058985
2363,1.53362865353384
2364,1.49039904743708
2365,1.45624851692914
2366,1.42873340186632
2367,1.41096608965927
2368,1.39971430447316
2369,1.39239839939718
2370,1.39002872242719
2371,1.39100423575762
2372,1.39170776473978
2373,1.39267538913606
2374,1.39547977373041
2375,1.39845017608135
2376,1.40268931199583
2377,1.40835629163435
2378,1.41193300544995
2379,1.42418572561385
2380,1.43523037784755
2381,1.45106195247042
2382,1.46816362687534
2383,1.48857686734175
2384,1.50848742318976
2385,1.52915679894096
2386,1.54857998080394
2387,1.56611031531878
2388,1.57893994874577
2389,1.58809843691577
2390,1.59238069786353
2391,1.5898298871533
2392,1.58450416930316
2393,1.57371028099993
2394,1.55935081648019
2395,1.54359405053654
2396,1.52146999819725
2397,1.50098468637286
2398,1.47803289440533
2399,1.45515802533641
2400,1.43253290274483
2401,1.4108315985372
2402,1.38872373229334
2403,1.36888267576922
2404,1.349165625605
2405,1.33287379089579
2406,1.3189918696353
2407,1.30706160042959
2408,1.29880922648635
2409,1.29345848228964
2410,1.29376170616022
2411,1.29535584276826
2412,1.30411094677887
2413,1.31979658157773
2414,1.33721477177456
2415,1.36470228425757
2416,1.39007955943381
2417,1.41782473840061
2418,1.45199163292916
2419,1.48627360586011
2420,1.51786330851149
2421,1.54810774144391
2422,1.57767951884145
2423,1.60121678716687
2424,1.61912163695433
2425,1.6321554675709
2426,1.63890445812392
2427,1.64062498042202
2428,1.63679808000143
2429,1.63112693798681
2430,1.61836217616291
2431,1.60459874852514
2432,1.58643972180599
2433,1.56954604546741
2434,1.55083698010105
2435,1.53090547484519
2436,1.51206592488981
2437,1.49459165101161
2438,1.47641751721106
2439,1.45848588661683
2440,1.44019298197024
2441,1.4212042793393
2442,1.40476840728635
2443,1.38508749800282
2444,1.36775740834483
2445,1.34794578345411
2446,1.33099901403685
2447,1.31337623342529
2448,1.29722227335037
2449,1.28672747948596
2450,1.27629926885449
2451,1.27379323504329
2452,1.27733265519305
2453,1.28726692894951
2454,1.30199938690013
2455,1.32435706648065
2456,1.35994300514207
2457,1.39171062804143
2458,1.43645468426492
2459,1.47960669749747
2460,1.52351282151975
2461,1.57417993398299
2462,1.61634254848261
2463,1.65597643646597
2464,1.69635835888479
2465,1.72580625622853
2466,1.75117662027335
2467,1.77433957139124
2468,1.78687142032938
2469,1.79735995705013
2470,1.80056610270264
2471,1.80121018297079
2472,1.80104933395356
2473,1.79888613789825
2474,1.79043656898711
2475,1.78248105861141
2476,1.77354182666145
2477,1.76152071281908
2478,1.74556884868317
2479,1.72697762629331
2480,1.70911407865924
2481,1.68124840566816
2482,1.65546852909672
2483,1.62085955765744
2484,1.58455094774616
2485,1.54431256220792
2486,1.50479932116577
2487,1.46727148161524
2488,1.43173317774926
2489,1.39749165726319
2490,1.37583360827095
2491,1.36345061972143
2492,1.35849220775444
2493,1.3700652576186
2494,1.39220532035028
2495,1.42318314039083
2496,1.47012862414738
2497,1.5194985271586
2498,1.57588667252349
2499,1.63469943131326
2500,1.69749044024169
2501,1.75261690712929
2502,1.80327503131196
2503,1.84267379146987
2504,1.87653783666415
2505,1.89730945835712
2506,1.90999720889336
2507,1.91314071199641
2508,1.90647360151653
2509,1.89619403997707
2510,1.8776296549609
2511,1.85735847655784
2512,1.83502629511267
2513,1.81222142373365
2514,1.79154433685099
2515,1.77155059181135
2516,1.7523508593495
2517,1.73771148483777
2518,1.72332419471218
2519,1.7068370769334
2520,1.6951419844675
2521,1.68113682795836
2522,1.66535610605179
2523,1.65204093046499
2524,1.63075740321692
2525,1.6115362354186
2526,1.58918634630909
2527,1.56716034296598
2528,1.54297462704796
2529,1.52035624575947
2530,1.49846824395917
2531,1.47630421531198
2532,1.46163397428412
2533,1.44924717853248
2534,1.44270118959817
2535,1.4455946285618
2536,1.45014449276271
2537,1.4646913601392
2538,1.48467253672258
2539,1.51266590094561
2540,1.55000534433021
2541,1.58709059301876
2542,1.63117319327457
2543,1.67642851492879
2544,1.71923410692353
2545,1.76437006338628
2546,1.80312476686223
2547,1.83737019760117
2548,1.86794532580538
2549,1.89144741550951
2550,1.90613789863053
2551,1.91205049491548
2552,1.90915767621584
2553,1.89918013487223
2554,1.88514573415369
2555,1.8604922124857
2556,1.83386512261585
2557,1.80471447113179
2558,1.77394037989034
2559,1.74299442853063
2560,1.717226708921
2561,1.69263039842904
2562,1.67183725579593
2563,1.65861589265329
2564,1.64931871248568
2565,1.64618916813193
2566,1.64881112448583
2567,1.65606781747955
2568,1.6661661165078
2569,1.6766953823799
2570,1.68907786499041
2571,1.70180851498164
2572,1.71491392365219
2573,1.72578624031062
2574,1.73173542615909
2575,1.73969526503665
2576,1.74069843583543
2577,1.74267365280594
2578,1.74543712925043
2579,1.75323655278215
2580,1.75652668424057
2581,1.76531049586488
2582,1.78174183640596
2583,1.79877188119055
2584,1.8252542027738
2585,1.85907067845961
2586,1.89370613592706
2587,1.93895600454167
2588,1.98161012455182
2589,2.02247626351314
2590,2.06160817354672
2591,2.09992567806612
2592,2.1264642052096
2593,2.14471828903674
2594,2.15743186859794
2595,2.146713630046
2596,2.132640261436
2597,2.10736821584591
2598,2.06204958353528
2599,2.01681327282009
2600,1.95596737650944
2601,1.89253005262185
2602,1.82436193089629
2603,1.76198196986559
2604,1.7004359569842
2605,1.65490334786346
2606,1.61263863068094
2607,1.58771282173631
2608,1.57551904492344
2609,1.57433257091444
2610,1.59115646791479
2611,1.62211364994341
2612,1.65945920874714
2613,1.70613945794253
2614,1.75342604840992
2615,1.80108921428761
2616,1.8488274716377
2617,1.89038104112139
2618,1.92398911231893
2619,1.95162793552973
2620,1.96935291441176
2621,1.97890692512963
2622,1.98105067111579
2623,1.9760809161602
2624,1.96738517229776
2625,1.95831930949365
2626,1.94822762953021
2627,1.9405657896066
2628,1.93400920088715
2629,1.93281667834907
2630,1.9333206237419
2631,1.93748414980729
2632,1.94421810711994
2633,1.95758344100316
2634,1.96441995058018
2635,1.97291731235639
2636,1.97788109153549
2637,1.98033721889025
2638,1.97429375984413
2639,1.9647759082489
2640,1.94638510269096
2641,1.92282526270178
2642,1.8906602181149
2643,1.85799048505315
2644,1.81091879298997
2645,1.76774703550397
2646,1.72230068342802
2647,1.67318545955882
2648,1.62745256445952
2649,1.58961883838738
2650,1.55539782619125
2651,1.53611237362652
2652,1.52145075011258
2653,1.52040884210902
2654,1.53181514218885
2655,1.55498591191611
2656,1.58830834354208
2657,1.63580088370982
2658,1.68566090723106
2659,1.74395967699938
2660,1.80012462548587
2661,1.85986223738687
2662,1.91715611781625
2663,1.96630850734844
2664,2.00717670278675
2665,2.04068961530496
2666,2.06155253707385
2667,2.07236871611386
2668,2.07507212115227
2669,2.06850480785023
2670,2.05679982879388
2671,2.03707047425876
2672,2.01194991183505
2673,1.99150767996807
2674,1.96684201088056
2675,1.95186742740184
2676,1.93223160387849
2677,1.92165325889621
2678,1.9123181372872
2679,1.91101134053742
2680,1.90930081400581
2681,1.90886333045663
2682,1.90441668729735
2683,1.90666622712631
2684,1.9045313144194
2685,1.89204815714015
2686,1.880233777869
2687,1.85314665997996
2688,1.8259196116899
2689,1.79479351092177
2690,1.76056341187484
2691,1.72073122472887
2692,1.68195582943305
2693,1.64266143555476
2694,1.60789994424878
2695,1.57999467923107
2696,1.56753002463792
2697,1.55767120145057
2698,1.56004686916702
2699,1.57585997566038
2700,1.60273048117324
2701,1.64069392881714
2702,1.68338499309818
2703,1.73463672908679
2704,1.78743469251605
2705,1.84081923149365
2706,1.89070017639373
2707,1.93304612821431
2708,1.97212187315687
2709,1.99867526697148
2710,2.0166828107566
2711,2.01864295851991
2712,2.01198513413305
2713,1.99216539941161
2714,1.9651619500317
2715,1.9267901808113
2716,1.88686146100552
2717,1.84298808358745
2718,1.79782652241612
2719,1.75539365285636
2720,1.71208830060245
2721,1.67539412666279
2722,1.64675729164901
2723,1.6231592074173
2724,1.60665954525089
2725,1.59743530668894
2726,1.59434184417634
2727,1.59438114496057
2728,1.59996998662162
2729,1.60705709526786
2730,1.61438062637182
2731,1.62133755009832
2732,1.62633305673259
2733,1.62935612107411
2734,1.62930028174845
2735,1.62794869247342
2736,1.62182404758211
2737,1.61724948594832
2738,1.61187687897909
2739,1.60568018078097
2740,1.604706955069
2741,1.60419009593587
2742,1.60770370430378
2743,1.6143798953062
2744,1.62655183114138
2745,1.63965028512936
2746,1.65782314265745
2747,1.68136084650426
2748,1.70075918931086
2749,1.72673673256668
2750,1.74540903917619
2751,1.76598015210872
2752,1.77891677368532
2753,1.79338011042747
2754,1.79840647901665
2755,1.79904612401384
2756,1.79523918734082
2757,1.78046804678144
2758,1.76336598556638
2759,1.73784934046633
2760,1.71019421935412
2761,1.6757717656914
2762,1.63857749522123
2763,1.60053590949236
2764,1.56250530314993
2765,1.52611305095142
2766,1.49297726762235
2767,1.46541080287338
2768,1.44550936315778
2769,1.42835572528828
2770,1.42423266009891
2771,1.4251219041146
2772,1.43768397677465
2773,1.45707380491213
2774,1.48141837963417
2775,1.50963480722114
2776,1.54465867444694
2777,1.57831420859215
2778,1.611294222133
2779,1.64071804345106
2780,1.66649210580051
2781,1.68932221232679
2782,1.70481311786418
2783,1.71469524082887
2784,1.71947604223561
2785,1.72194884767398
2786,1.72120098725297
2787,1.71698686272616
2788,1.711913191575
2789,1.709323697576
2790,1.70357079940456
2791,1.70348712373979
2792,1.70188921462133
2793,1.70270246841688
2794,1.70384523833488
2795,1.69947172952831
2796,1.69831602184178
2797,1.69222121447797
2798,1.67936431473543
2799,1.66331466071661
2800,1.63883295569707
2801,1.61147169349669
2802,1.57460629287616
2803,1.53916882550504
2804,1.49408811383789
2805,1.44830402135577
2806,1.40507335011568
2807,1.36012251767975
2808,1.31638613749043
2809,1.27970338836159
2810,1.24744484078525
2811,1.22380255125946
2812,1.20562481099825
2813,1.19294599520394
2814,1.19167714360221
2815,1.19287316987751
2816,1.20310372452351
2817,1.21450180172758
2818,1.23337370451425
2819,1.25396384589292
2820,1.27825220604889
2821,1.30356406492136
2822,1.32975592033852
2823,1.35512901437408
2824,1.38154900721463
2825,1.40868699085355
2826,1.43656209525408
2827,1.46028897100398
2828,1.48765976363598
2829,1.51265407754216
2830,1.53804754674456
2831,1.55751640267178
2832,1.57737105513575
2833,1.59128730397943
2834,1.60262614811831
2835,1.60961129301706
2836,1.61059691555617
2837,1.60846436203372
2838,1.59935188748109
2839,1.58585461413284
2840,1.56937466495854
2841,1.54937422243243
2842,1.52721301542881
2843,1.50296648089112
2844,1.47812160111375
2845,1.45304454728939
2846,1.43097528689363
2847,1.41072352177217
2848,1.3940750281168
2849,1.38171977980598
2850,1.37332323454284
2851,1.36919669696743
2852,1.36797845699719
2853,1.37322577062649
2854,1.37942786472189
2855,1.3886765310969
2856,1.40118461207538
2857,1.41191743132639
2858,1.42494870721832
2859,1.43667059212568
2860,1.44729779409598
2861,1.45823563052359
2862,1.46834532603758
2863,1.47925911732309
2864,1.48814858716677
2865,1.49748847339583
2866,1.50894455967384
2867,1.52250558171567
2868,1.53618850026894
2869,1.55093667049497
2870,1.56766876920794
2871,1.58511182192353
2872,1.60218609320215
2873,1.61792879762101
2874,1.6329214500178
2875,1.64198440124241
2876,1.64780658080413
2877,1.64928460686509
2878,1.64557677274493
2879,1.63478197680322
2880,1.62075039675995
2881,1.59872470527757
2882,1.57547975875635
2883,1.54684864285121
2884,1.51960084969824
2885,1.49035288625398
2886,1.46184790976516
2887,1.43507687232156
2888,1.41239883107127
2889,1.39241109021203
2890,1.38040767271305
2891,1.36869352442152
2892,1.36528500749487
2893,1.3674762099146
2894,1.37154512986577
2895,1.38304295203228
2896,1.39568879884867
2897,1.41414042249742
2898,1.43157166624162
2899,1.45389782759763
2900,1.47675415144915
2901,1.50086641094064
2902,1.52891178809364
2903,1.55592181976555
2904,1.58348342480004
2905,1.60993362658568
2906,1.63559695221694
2907,1.65770321392187
2908,1.67738458611557
2909,1.69476601537413
2910,1.70822995058502
2911,1.71658746717225
2912,1.72245125488532
2913,1.72372852198043
2914,1.72071506600093
2915,1.71858980949504
2916,1.71567560212077
2917,1.71393127314164
2918,1.71243369379136
2919,1.71323774892557
2920,1.71770833823671
2921,1.72349752904263
2922,1.7350337171343
2923,1.74920301011244
2924,1.76395550379993
2925,1.78100663846388
2926,1.79730836230916
2927,1.8101749555517
2928,1.82032940069207
2929,1.82297860715073
2930,1.82174909217788
2931,1.81505218272355
2932,1.80139086253337
2933,1.7854932086513
2934,1.76439081769912
2935,1.74433469896301
2936,1.72288218372664
2937,1.70699950633367
2938,1.7002980800424
2939,1.69798701938628
2940,1.71424302357241
2941,1.7327514405622
2942,1.76450491720084
2943,1.80934425895902
2944,1.86001580787772
2945,1.91701198389747
2946,1.97321991694739
2947,2.02883976353919
2948,2.07808612968967
2949,2.12324783480289
2950,2.15539139358006
2951,2.17862006057178
2952,2.18436674639214
2953,2.18011636229896
2954,2.16295815858343
2955,2.13073750841106
2956,2.09346761098334
2957,2.05055370056178
2958,2.00472983529291
2959,1.95841733018509
2960,1.91354711724199
2961,1.87338132942214
2962,1.84089275890488
2963,1.81572064615918
2964,1.7996130934617
2965,1.79254159436372
2966,1.79020512693569
2967,1.79739299930754
2968,1.80544877582227
2969,1.81807499601872
2970,1.8292139157356
2971,1.83947625504462
2972,1.84520661570063
2973,1.84357083931119
2974,1.83420990443335
2975,1.81999792908726
2976,1.80275455945541
2977,1.77897144058793
2978,1.75309512674275
2979,1.72819683301923
2980,1.70294755542891
2981,1.68705299338042
2982,1.67300395145218
2983,1.67081878261084
2984,1.67338363436127
2985,1.68711497810874
2986,1.70980760530474
2987,1.74155475968523
2988,1.77534804388483
2989,1.81710562258818
2990,1.8573032936061
2991,1.89335802241586
2992,1.93169239711867
2993,1.96079938230926
2994,1.98062120568094
2995,1.99733348250271
2996,2.00165879004001
2997,1.99771546271837
2998,1.98317721800409
2999,1.95861242998092
3000,1.92987896249662
3001,1.90258884848681
3002,1.86644780613865
3003,1.82963279474553
3004,1.79404931157349
3005,1.76048846432086
3006,1.73046178861312
3007,1.70623935895393
3008,1.68806786659505
3009,1.67715688553973
3010,1.66970584687076
3011,1.6748596322235
3012,1.68190537817526
3013,1.69617402858683
3014,1.71759338955463
3015,1.74307690188838
3016,1.76696828936605
3017,1.80026445623059
3018,1.82696802139441
3019,1.85433200332763
3020,1.88187418298529
3021,1.8998765965319
3022,1.91873088808889
3023,1.92702573489488
3024,1.93121141764246
3025,1.93125849288419
3026,1.92753970061342
3027,1.91953757754464
3028,1.91031110228547
3029,1.90037815387965
3030,1.8936615614541
3031,1.89731493397999
3032,1.90189735861302
3033,1.91725261768069
3034,1.94275700765909
3035,1.9821877235715
3036,2.02344436841669
3037,2.07532090218166
3038,2.13038415004312
3039,2.18474488465444
3040,2.23642956265583
3041,2.28650445000187
3042,2.32271698602693
3043,2.34531734254734
3044,2.35866854708196
3045,2.35095674066722
3046,2.33094671559854
3047,2.29603041907798
3048,2.25175624896816
3049,2.19591730704067
3050,2.13874357067056
3051,2.07655106819221
3052,2.01921000656398
3053,1.97026084717149
3054,1.93449618225515
3055,1.90674827098994
3056,1.89863103372798
3057,1.90840342491717
3058,1.92489444241955
3059,1.96268712156288
3060,2.00400995367177
3061,2.04904157056916
3062,2.09671730686128
3063,2.13689445330015
3064,2.17392655796859
3065,2.20242985147845
3066,2.21549257666604
3067,2.21431029621645
3068,2.20238320389493
3069,2.17797315308094
3070,2.13826229161552
3071,2.09559710809138
3072,2.04983990727843
3073,2.00651774853475
3074,1.96280374412471
3075,1.92783673968736
3076,1.90071016405891
3077,1.88065581153683
3078,1.87499392970084
3079,1.87701958601527
3080,1.88330505422671
3081,1.90014015866016
3082,1.92034378204362
3083,1.93832402497437
3084,1.95831455843015
3085,1.97016219664642
3086,1.97799206898775
3087,1.97442771477061
3088,1.96437299755717
3089,1.94600522966235
3090,1.91322132616237
3091,1.88124029337287
3092,1.83779861261665
3093,1.79607328114703
3094,1.74956806961452
3095,1.71053403066168
3096,1.67369945414417
3097,1.64295295550294
3098,1.6200488459245
3099,1.60899718758955
3100,1.60589769913354
3101,1.61429613018908
3102,1.62828216297273
3103,1.64947037854286
3104,1.67659970344345
3105,1.70691697366982
3106,1.73776097403765
3107,1.76471495221177
3108,1.79216421724294
3109,1.81524814302667
3110,1.83057931630979
3111,1.84306882648104
3112,1.84872371055369
3113,1.84956805239991
3114,1.84370311236352
3115,1.83396380714986
3116,1.82097406851928
3117,1.8045662459707
3118,1.78723980459334
3119,1.77145320681035
3120,1.75285596040975
3121,1.73841217120175
3122,1.72492824667876
3123,1.71549658027661
3124,1.70891343203705
3125,1.70772389672924
3126,1.71239421389137
3127,1.72009621139417
3128,1.7339901294592
3129,1.75065926100268
3130,1.77203854233613
3131,1.79464110840842
3132,1.82118511034665
3133,1.84416069120906
3134,1.86698079635376
3135,1.88242917564748
3136,1.8985587340911
3137,1.90965419026722
3138,1.90670239654969
3139,1.90160440243744
3140,1.89249157988929
3141,1.8715361233846
3142,1.84724306312821
3143,1.82403868727348
3144,1.80355414859701
3145,1.78331426160127
3146,1.7721645640578
3147,1.76485953675963
3148,1.77419442989048
3149,1.78881845879534
3150,1.82179544151558
3151,1.86295659601892
3152,1.91437710947145
3153,1.9681018945911
3154,2.03000879781921
3155,2.09057462430939
3156,2.14343020862345
3157,2.18954681956739
3158,2.22084636615945
3159,2.24392760643761
3160,2.24630824707676
3161,2.23642503418923
3162,2.2104762674011
3163,2.17037840854148
3164,2.12414030317735
3165,2.07165575327273
3166,2.0139488089467
3167,1.95758395965104
3168,1.90900607532287
3169,1.86560806647612
3170,1.8319304618977
3171,1.80673303425654
3172,1.79362993945036
3173,1.78605015317472
3174,1.78925088221065
3175,1.79628804960074
3176,1.80609383901072
3177,1.81242291528666
3178,1.81782712098316
3179,1.81619502485271
3180,1.80660719901767
3181,1.79044989102813
3182,1.76956173689212
3183,1.73510882813262
3184,1.70127532865099
3185,1.66337820792601
3186,1.62678752367117
3187,1.58922484702782
3188,1.56018543841636
3189,1.53682110512916
3190,1.52220745552674
3191,1.51454975628616
3192,1.51678046078537
3193,1.5256837197672
3194,1.54049881557554
3195,1.55821415785505
3196,1.57709779801882
3197,1.59383056075147
3198,1.61091085840424
3199,1.62163905055423
3200,1.62675019862451
3201,1.62656554152054
3202,1.61917777548231
3203,1.60735533608462
3204,1.59229748377211
3205,1.57166599416211
3206,1.55003725829194
3207,1.52815353505164
3208,1.50738149444859
3209,1.48848463211331
3210,1.47137775587699
3211,1.45813904289356
3212,1.44775354676908
3213,1.44012114734849
3214,1.43495363102519
3215,1.43126532241348
3216,1.42910365411655
3217,1.42711846702185
3218,1.42512489051225
3219,1.4226876990788
3220,1.41982693705296
3221,1.41768573488931
3222,1.41735805604385
3223,1.41775745042672
3224,1.41698664193203
3225,1.41939986769439
3226,1.42248131954385
3227,1.42680530694151
3228,1.43294470531545
3229,1.44354308859107
3230,1.45625050852361
3231,1.46980476310879
3232,1.48488024502739
3233,1.49911378674261
3234,1.51443216684777
3235,1.52704143173876
3236,1.53889191060312
3237,1.55030980546441
3238,1.55699635792699
3239,1.56496550311456
3240,1.57085692142923
3241,1.5780300101551
3242,1.58379672497198
3243,1.5934598007116
3244,1.60516376125617
3245,1.62186122063801
3246,1.63773723341574
3247,1.66072245270877
3248,1.68097838959016
3249,1.70356779722952
3250,1.72630987096565
3251,1.74681116496926
3252,1.75762127860012
3253,1.76622685485408
3254,1.76473391719366
3255,1.75905496906202
3256,1.74320894231022
3257,1.71944883910959
3258,1.69273298335249
3259,1.66014856513263
3260,1.62150728642829
3261,1.58734332751292
3262,1.55394082240311
3263,1.52709256332634
3264,1.50763663069839
3265,1.49551368846934
3266,1.494447341195
3267,1.50046335095004
3268,1.51355150897419
3269,1.53336845054151
3270,1.55791401905989
3271,1.58047606945381
3272,1.60572342569557
3273,1.62744185765137
3274,1.64357172745842
3275,1.65572655461658
3276,1.65972757589281
3277,1.65778165501332
3278,1.652323946885
3279,1.64093197028612
3280,1.62832077882352
3281,1.61513124793714
3282,1.60380120520139
3283,1.59343405184153
3284,1.5854174822641
3285,1.58330614045674
3286,1.5828258724132
3287,1.585117794015
3288,1.58777005405145
3289,1.59307808835159
3290,1.59382491373198
3291,1.59322587673583
3292,1.59146232496029
3293,1.58223931365691
3294,1.5735102947275
3295,1.55994106731911
3296,1.54336204968423
3297,1.52889206451901
3298,1.51515918238997
3299,1.50535747217614
3300,1.49906801297151
3301,1.50041320745858
3302,1.50626009174272
3303,1.5211356061416
3304,1.53885141728162
3305,1.56544467234688
3306,1.59159361712842
3307,1.62089950902961
3308,1.64938092393618
3309,1.67653048054607
3310,1.69526619196075
3311,1.71221638537604
3312,1.71981472884965
3313,1.72723731688696
3314,1.72503916613753
3315,1.72066537428555
3316,1.71772381310251
3317,1.71355038351897
3318,1.71318998141194
3319,1.7161219703677
3320,1.72783088006882
3321,1.74397737098856
3322,1.77078930952504
3323,1.80262007320132
3324,1.83885085434343
3325,1.87804657222316
3326,1.91719730998698
3327,1.95549562333112
3328,1.98364775722615
3329,2.01004432245838
3330,2.01945744037634
3331,2.02368438060983
3332,2.01789645584674
3333,1.99629857196151
3334,1.96857414344045
3335,1.92880342050828
3336,1.89111984627933
3337,1.84316849048705
3338,1.79977934507516
3339,1.76000764934829
3340,1.72231838526578
3341,1.69413094445474
3342,1.67358438206678
3343,1.65995126714544
3344,1.65685575345423
3345,1.66114296882936
3346,1.66947359730314
3347,1.68212781542767
3348,1.69427447806834
3349,1.70652678155266
3350,1.71756831845003
3351,1.71897554290631
3352,1.71756856028411
3353,1.7097153476886
3354,1.69593452530656
3355,1.68033193896751
3356,1.66594141613787
3357,1.64635122738316
3358,1.63175740214586
3359,1.62040780505743
3360,1.62152784442743
3361,1.62533140770341
3362,1.6325084753684
3363,1.65384990064642
3364,1.67717967797462
3365,1.70539893508739
3366,1.73793976861323
3367,1.76524550361388
3368,1.79000950398704
3369,1.8079315985459
3370,1.82023620839752
3371,1.82438357350861
3372,1.81794469312869
3373,1.80044026370091
3374,1.77580634202559
3375,1.73843615807953
3376,1.695300002761
3377,1.65537829682384
3378,1.60362357431499
3379,1.55735000640058
3380,1.51551480427528
3381,1.47546433842751
3382,1.43906736900101
3383,1.40907848745947
3384,1.38471784264625
3385,1.36744565391377
3386,1.35462867194771
3387,1.35000121106962
3388,1.3505250287212
3389,1.35225048031495
3390,1.36048272601883
3391,1.37478903623971
3392,1.3921555229666
3393,1.41575011776449
3394,1.44039584520342
3395,1.46838772045624
3396,1.50201662699736
3397,1.54035566801605
3398,1.57629852914584
3399,1.61586194918204
3400,1.65262717550143
3401,1.69035062278935
3402,1.72594036341967
3403,1.75421688847769
3404,1.78212532597548
3405,1.79912456310857
3406,1.81374980422108
3407,1.82130164182799
3408,1.82608922573658
3409,1.82762661278992
3410,1.82532214582124
3411,1.82731101035426
3412,1.83323727367528
3413,1.84178531631652
3414,1.85389142196914
3415,1.87661299560218
3416,1.90519505086811
3417,1.93464952731026
3418,1.971239559825
3419,2.00601106040564
3420,2.04417457037707
3421,2.07534425904862
3422,2.09957523213601
3423,2.1116453340719
3424,2.11497864141248
3425,2.10477195443269
3426,2.08611837514932
3427,2.0557120821937
3428,2.01878661147122
3429,1.970268823899
3430,1.92613904894199
3431,1.88346439879159
3432,1.84761840565367
3433,1.81853487834862
3434,1.80289346456842
3435,1.80162507311142
3436,1.8155190093544
3437,1.83705730087887
3438,1.87138870873522
3439,1.92405535027611
3440,1.97193085949753
3441,2.02646047634083
3442,2.07336515559853
3443,2.11446810501732
3444,2.14865720242747
3445,2.16807353656381
3446,2.17361892235289
3447,2.16763113630291
3448,2.14651037318878
3449,2.11837700461338
3450,2.07954794899339
3451,2.03647849241492
3452,1.99249437958002
3453,1.94942900731419
3454,1.91468206291046
3455,1.88560728944767
3456,1.86393513697976
3457,1.85056465255924
3458,1.84604969736919
3459,1.8482717220426
3460,1.85162130796389
3461,1.86284514912639
3462,1.87167320033456
3463,1.87218552456315
3464,1.87009989440637
3465,1.86417388015
3466,1.84415847852266
3467,1.81625116773139
3468,1.78458239618297
3469,1.74633742694677
3470,1.70088106938452
3471,1.65669065734615
3472,1.61273354713005
3473,1.57140097632151
3474,1.53882020049534
3475,1.51917270864349
3476,1.5075617181762
3477,1.5021380454979
3478,1.5146452166799
3479,1.53254899003267
3480,1.56044019869437
3481,1.59150230169303
3482,1.62401628627077
3483,1.6580612545027
3484,1.68946147112131
3485,1.71309379069369
3486,1.73173625594764
3487,1.74358122916391
3488,1.74354432307617
3489,1.73849824165984
3490,1.7251461725693
3491,1.70589347243146
3492,1.68248963736583
3493,1.65442036976914
3494,1.62517989453656
3495,1.59567425245899
3496,1.56794791769702
3497,1.54280811349462
3498,1.51768840378477
3499,1.49703689509679
3500,1.47752751531592
3501,1.46088111737419
3502,1.44727033665312
3503,1.43475986425069
3504,1.42748680737124
3505,1.42029983209085
3506,1.41949947824658
3507,1.41961999394958
3508,1.42765336804707
3509,1.43418078433204
3510,1.4522250469048
3511,1.47233137474243
3512,1.49286205718154
3513,1.52539146159569
3514,1.55946820774242
3515,1.59284953895239
3516,1.62833365383788
3517,1.6628532900602
3518,1.69601759744048
3519,1.72214746676324
3520,1.74329083939311
3521,1.75992735037092
3522,1.77310441947448
3523,1.78445893113937
3524,1.79362018645465
3525,1.79882314691463
3526,1.80759703522882
3527,1.8250025715835
3528,1.84284342992871
3529,1.86971802487524
3530,1.89902483884134
3531,1.93766870424609
3532,1.97725395674237
3533,2.01959778768456
3534,2.06117791329541
3535,2.09987974426955
3536,2.12976323123811
3537,2.14593898667572
3538,2.15838135595375
3539,2.15484962780551
3540,2.13683110311323
3541,2.09850160099848
3542,2.05787406135931
3543,2.00661485160194
3544,1.94542109947621
3545,1.8802670864882
3546,1.81752522568244
3547,1.76042236229012
3548,1.71009891591865
3549,1.67060079793335
3550,1.64135233656796
3551,1.62692416533683
3552,1.62247091881777
3553,1.63088923163477
3554,1.64897616375873
3555,1.6722096252393
3556,1.69699172059526
3557,1.72192816648452
3558,1.74381080719713
3559,1.76241473142062
3560,1.77359925437429
3561,1.77599600122836
3562,1.77313624667077
3563,1.76501139958862
3564,1.75193511230133
3565,1.73821396089576
3566,1.72427466190125
3567,1.71350528516817
3568,1.70898926656833
3569,1.71024203457697
3570,1.71422930366548
3571,1.73047995891241
3572,1.74706745761672
3573,1.76763884008497
3574,1.78679247546437
3575,1.80770562899799
3576,1.82418665793889
3577,1.83184580704538
3578,1.83414852518059
3579,1.82754075501928
3580,1.81243421823803
3581,1.77967935600245
3582,1.74596475145762
3583,1.70471024023834
3584,1.65678263103837
3585,1.60672436738118
3586,1.56252935213774
3587,1.51500830873251
3588,1.47691011360917
3589,1.44515847889485
3590,1.42200720509488
3591,1.40745668806875
3592,1.39991791993577
3593,1.40178814126058
3594,1.41236872029912
3595,1.42370278668917
3596,1.43920741914682
3597,1.45702434506694
3598,1.47294771030377
3599,1.4894503209487
3600,1.50111007271769
3601,1.51330613205137
3602,1.51922706260685
3603,1.52822118299526
3604,1.53582234970973
3605,1.54399797668344
3606,1.55485031315438
3607,1.56864638206938
3608,1.58495649166395
3609,1.60395910752179
3610,1.62824603424516
3611,1.65125445163481
3612,1.67432971528681
3613,1.69666001012314
3614,1.71543305980267
3615,1.72860242624402
3616,1.73509128012504
3617,1.73435943620549
3618,1.72612048280989
3619,1.71241724400503
3620,1.69166194861588
3621,1.66607308831925
3622,1.63774890013282
3623,1.61018040237707
3624,1.5843468251746
3625,1.55986795758407
3626,1.5432332551715
3627,1.5346486860597
3628,1.52979833786621
3629,1.53378493592775
3630,1.5413865280913
3631,1.5547987629479
3632,1.56878237945046
3633,1.58471893741153
3634,1.59664177563768
3635,1.60765183134187
3636,1.61399963896135
3637,1.6143512007778
3638,1.61381845103437
3639,1.60714871950376
3640,1.59834305900947
3641,1.59172700906208
3642,1.58466369010044
3643,1.58086690328194
3644,1.58339471565727
3645,1.59142788951527
3646,1.60724003513894
3647,1.62982034250577
3648,1.65493908671239
3649,1.68347004942826
3650,1.71365763612218
3651,1.74179068039587
3652,1.7657346426479
3653,1.7809574623799
3654,1.79123812154914
3655,1.79318135603511
3656,1.77886857547448
3657,1.75902978597483
3658,1.73290873105706
3659,1.69604067177681
3660,1.65651556766056
3661,1.61630600533787
3662,1.57264647684651
3663,1.53123162537708
3664,1.49614882317757
3665,1.46322060657951
3666,1.43505908241462
3667,1.41251535000569
3668,1.39371489033855
3669,1.38300541325601
3670,1.37393037686992
3671,1.36642008725114
3672,1.36325407632058
3673,1.3590907427295
3674,1.357129507611
3675,1.35749980821567
3676,1.35570721307368
3677,1.36365898580598
3678,1.37154789811104
3679,1.38332556038404
3680,1.40335990138161
3681,1.43265696080236
3682,1.46458212148723
3683,1.5058104439728
3684,1.553151462064
3685,1.60198841476786
3686,1.65483342286914
3687,1.7089970160425
3688,1.75801334405033
3689,1.80652570664274
3690,1.84467674601726
3691,1.87719255909616
3692,1.90002827561351
3693,1.91284128102135
3694,1.9167263541875
3695,1.913661448095
3696,1.9052689830166
3697,1.8918867848378
3698,1.87772083897449
3699,1.86437450082931
3700,1.85266873267374
3701,1.84259330695645
3702,1.83925094877674
3703,1.83927127121866
3704,1.84147064533375
3705,1.85037460572823
3706,1.85823055255153
3707,1.86744194215419
3708,1.87579445024496
3709,1.87921266111665
3710,1.87727749372639
3711,1.86823238430118
3712,1.85145388182632
3713,1.82766686444035
3714,1.80434442389148
3715,1.77542707826367
3716,1.74424702609114
3717,1.71365445169377
3718,1.69105523030202
3719,1.67457098748909
3720,1.66681312818319
3721,1.67360197155415
3722,1.69593301572948
3723,1.73177107019379
3724,1.7735825245875
3725,1.82766957047734
3726,1.8879353345327
3727,1.95634266027175
3728,2.01296140462361
3729,2.07129176236339
3730,2.11565997482728
3731,2.15013118389856
3732,2.16568518638648
3733,2.1708484682625
3734,2.16125561482346
3735,2.13645603102739
3736,2.10472592954182
3737,2.06348986698072
3738,2.01698392821885
3739,1.97192568648812
3740,1.92845016776001
3741,1.89067686561439
3742,1.86126331621725
3743,1.83956103064552
3744,1.82727560352075
3745,1.82026473952548
3746,1.81967465997362
3747,1.82336699620748
3748,1.82705052407035
3749,1.83071347266956
3750,1.82708152412143
3751,1.82032777836931
3752,1.80649287891699
3753,1.7836157460738
3754,1.75038816837605
3755,1.71848686782535
3756,1.67319211670312
3757,1.6295090157166
3758,1.58692476437301
3759,1.5485240023287
3760,1.5141752444943
3761,1.48845304012195
3762,1.47269706051571
3763,1.4642104932264
3764,1.46860309982048
3765,1.47822735226945
3766,1.49626790783642
3767,1.51883968316457
3768,1.54536046424082
3769,1.57177749944772
3770,1.59940436095259
3771,1.62178087666853
3772,1.64380099685561
3773,1.65907115127845
3774,1.67244304191093
3775,1.6816304694183
3776,1.68672435233295
3777,1.68938281568776
3778,1.68864684579601
3779,1.68731844015034
3780,1.68312867128235
3781,1.67677979463341
3782,1.6708938068058
3783,1.66475846181257
3784,1.65285480386968
3785,1.64385329968132
3786,1.63112947281849
3787,1.6186355914824
3788,1.60715662596058
3789,1.59867270646911
3790,1.59153130317138
3791,1.58982475503566
3792,1.59044023855775
3793,1.60128071097514
3794,1.61674517931314
3795,1.64022788640643
3796,1.67191439441132
3797,1.70842337047445
3798,1.75109205210306
3799,1.79714423255158
3800,1.84392618611009
3801,1.89268565721755
3802,1.93673233876783
3803,1.97428129272351
3804,2.00531076860531
3805,2.02877879560653
3806,2.04066727540868
3807,2.04749822654087
3808,2.04769486317304
3809,2.04188231909519
3810,2.03662302399349
3811,2.02755918713862
3812,2.02618971906457
3813,2.02995581775818
3814,2.03746955935449
3815,2.05397252659893
3816,2.08101171859025
3817,2.10975303873337
3818,2.14639934388784
3819,2.18065919028781
3820,2.224234203779
3821,2.25730570995218
3822,2.28198890392065
3823,2.29991775267945
3824,2.30293984718781
3825,2.297150224584
3826,2.27453539920792
3827,2.23241074086454
3828,2.18437973642608
3829,2.12644113172528
3830,2.06144024508477
3831,1.99726199010088
3832,1.93063773929587
3833,1.87351988484625
3834,1.82417623591305
3835,1.79756198074976
3836,1.77896442905421
3837,1.78775482924363
3838,1.80803907807539
3839,1.84575342515748
3840,1.89771443205678
3841,1.96086338338458
3842,2.02560779073094
3843,2.08635368734852
3844,2.1475351419471
3845,2.19651467685502
3846,2.23005331842315
3847,2.25541910800791
3848,2.25927344113026
3849,2.24729445523923
3850,2.22543114766953
3851,2.1931496095676
3852,2.15143816433902
3853,2.10949921260381
3854,2.06763675983963
3855,2.0287114031999
3856,1.99778682333225
3857,1.97610678436579
3858,1.959107012776
3859,1.95141499912726
3860,1.95383331189384
3861,1.95990462255899
3862,1.96862189080093
3863,1.97643252533333
3864,1.98307855880932
3865,1.98294491264367
3866,1.96895520889257
3867,1.94791369138009
3868,1.9144450725945
3869,1.87503068425863
3870,1.8253134288644
3871,1.77095311648709
3872,1.70657183597034
3873,1.64661737467691
3874,1.58347604773263
3875,1.52809826974531
3876,1.47783038777764
3877,1.43926797025657
3878,1.40943398440209
3879,1.39125789130371
3880,1.38127037872067
3881,1.38198411033019
3882,1.3919721260718
3883,1.41253155228189
3884,1.4364074145149
3885,1.46326612290375
3886,1.49615538735105
3887,1.52862721856353
3888,1.56565326759916
3889,1.60177673461018
3890,1.63498786251559
3891,1.67166234251139
3892,1.70509260135273
3893,1.73790090019422
3894,1.76648992883029
3895,1.79128584898748
3896,1.8151965302908
3897,1.83390195369794
3898,1.84734110956146
3899,1.85595445450663
3900,1.85963250365358
3901,1.85860663147664
3902,1.85372900714946
3903,1.84399410634596
3904,1.83577579191195
3905,1.82499837725485
3906,1.81586452327809
3907,1.81062302420455
3908,1.81031824017766
3909,1.80984604133292
3910,1.81814937320379
3911,1.83161504561403
3912,1.85023091746089
3913,1.86971780855544
3914,1.89192019533614
3915,1.91385228935047
3916,1.93372811859479
3917,1.94777499331922
3918,1.95722146860505
3919,1.95911458295643
3920,1.95102644769815
3921,1.93404700082599
3922,1.91927784576476
3923,1.88936905410511
3924,1.86704655846397
3925,1.84253996705491
3926,1.82900316812039
3927,1.81516371333156
3928,1.81086995923099
3929,1.82518708201248
3930,1.84713377457618
3931,1.87967840200193
3932,1.92390288139128
3933,1.96971197967477
3934,2.02668842179243
3935,2.08034828252953
3936,2.13012493793585
3937,2.17336987973269
3938,2.20570122846935
3939,2.22071890030562
3940,2.22667758851369
3941,2.21583106141749
3942,2.19050399716847
3943,2.15070053397821
3944,2.09802512592258
3945,2.04131617517374
3946,1.97921036518485
3947,1.91803450385535
3948,1.86196324816808
3949,1.81296210624641
3950,1.77315596469928
3951,1.7445700573293
3952,1.73210936646836
3953,1.729984917723
3954,1.73979591214948
3955,1.75907046944978
3956,1.78343229861796
3957,1.81139457404248
3958,1.83824281762422
3959,1.86203899283772
3960,1.8784530950717
3961,1.88793823378964
3962,1.88463167211949
3963,1.87394763289119
3964,1.85496423065109
3965,1.82503730042538
3966,1.79765284799016
3967,1.76283247185157
3968,1.72991218118805
3969,1.69932213258336
3970,1.67589113667954
3971,1.65769716300655
3972,1.6461424158108
3973,1.64240410854708
3974,1.64342831033173
3975,1.65234293838403
3976,1.6592873026661
3977,1.6678651624215
3978,1.67357367444939
3979,1.67658698332448
3980,1.67522652706772
3981,1.66065410004931
3982,1.64618305663051
3983,1.62158809289398
3984,1.59219943779768
3985,1.55494484241289
3986,1.52085648682165
3987,1.48307708214091
3988,1.44834333565931
3989,1.41451799110658
3990,1.38500851996401
3991,1.36247775331902
3992,1.34500362237483
3993,1.33233993923511
3994,1.32499220707073
3995,1.3219489198633
3996,1.32290946707706
3997,1.32845350914709
3998,1.33806047356798
3999,1.34985101287613
4000,1.36297184528757
4001,1.37743392072393
4002,1.3919144246972
4003,1.40839923976485
4004,1.43140875273522
4005,1.45694190552357
4006,1.48555774904768
4007,1.51765611514603
4008,1.55331605745164
4009,1.59236051957402
4010,1.63413924281692
4011,1.67431988316872
4012,1.71589877857145
4013,1.75271477785455
4014,1.78371533054372
4015,1.80823561110899
4016,1.82266895261391
4017,1.83326266205091
4018,1.8341504771541
4019,1.82979424518024
4020,1.82217591992533
4021,1.80866411893579
4022,1.79571129224738
4023,1.7838027246049
4024,1.77250684089322
4025,1.76425780122158
4026,1.76084390950247
4027,1.75914755423376
4028,1.76090158185015
4029,1.76273154595498
4030,1.76577328368655
4031,1.76898234591277
4032,1.76577853135521
4033,1.75772756308445
4034,1.74639196930947
4035,1.72497032650178
4036,1.69659339839229
4037,1.66510058120486
4038,1.62936003103376
4039,1.58839809474927
4040,1.54574963666763
4041,1.51201218417595
4042,1.47851566387441
4043,1.45579820418331
4044,1.44030709363955
4045,1.43546634373815
4046,1.43841124218094
4047,1.4523092784766
4048,1.47812864170911
4049,1.50765026564115
4050,1.54310058761902
4051,1.58087423015111
4052,1.61454035773511
4053,1.64833851499988
4054,1.67377662467643
4055,1.69114228275541
4056,1.70092191356278
4057,1.70432332933432
4058,1.69959509982588
4059,1.68378475919849
4060,1.66753992672495
4061,1.64368666865004
4062,1.61918342326464
4063,1.59353018267515
4064,1.5693639002958
4065,1.54725229517337
4066,1.52712495218977
4067,1.51132770995898
4068,1.49789729439034
4069,1.48713074653321
4070,1.47855060224981
4071,1.47161053342545
4072,1.46437825287048
4073,1.45733039302192
4074,1.4502398323249
4075,1.4419039101776
4076,1.43311965037006
4077,1.423218276493
4078,1.4133077330349
4079,1.40521587001566
4080,1.39930561354723
4081,1.3979656243314
4082,1.3985787558897
4083,1.40662838265655
4084,1.41541454467102
4085,1.42922964233224
4086,1.44592579199352
4087,1.46664680005155
4088,1.48496502838848
4089,1.50323848666489
4090,1.51962617757463
4091,1.53208033359246
4092,1.5412527221926
4093,1.5437084757883
4094,1.54222151921685
4095,1.53602436454701
4096,1.52656459166322
4097,1.51572793532721
4098,1.50420340389777
4099,1.49400919861351
4100,1.49107577411556
